//use: NPCid - stabatt(melee att) slashatt(unused) crushatt(unused) magicatt rangeatt stabdef slashdef crushdef magicdef rangedef 
//QueenBlackDragon
//Tortured Soul
15510 - 112 100 100 178 4 175 142 285 235 195
//Giant worm
15464 - 157 100 100 88 4 107 198 124 178 157
//Crystal armour QBD 
15506 - 0 0 0 0 0 10 10 10 200 10
//Hardened carapace armour QBD 
15507 - 0 0 0 0 0 200 200 200 10 200
//Default QBD
15454 - 0 0 0 0 0 100 100 100 100 100
//nomads
8528 - 200 0 0 150 0 250 350 350 250 400
8529 - 200 0 0 150 0 250 350 350 250 400
50 - 300 10 10 200 0 250 350 400 350 400
//reveneants, low def, high att ftw :)
13465 - 10 0 0 8 12 7 7 7 5 8
13466 - 12 0 0 10 15 8 8 8 6 10
13467 - 15 0 0 12 18 10 10 10 7 12
13468 - 18 0 0 15 22 12 12 12 8 15
13469 - 22 0 0 18 27 15 15 15 10 18
13470 - 27 0 0 22 33 18 18 18 12 22
13471 - 33 0 0 27 41 22 22 22 15 27
13472 - 41 0 0 33 51 27 27 27 18 33
13473 - 51 0 0 41 63 33 33 33 22 41
13474 - 63 0 0 51 78 41 41 41 27 51
13475 - 78 0 0 63 97 51 51 51 33 63
13476 - 97 0 0 78 121 63 63 63 41 78
13477 - 121 0 0 97 151 78 78 78 51 97
13478 - 151 0 0 121 188 97 97 97 63 121
13479 - 188 0 0 151 235 121 121 121 78 151
13480 - 235 0 0 188 293 151 151 151 97 188
13481 - 293 0 0 235 366 188 188 188 121 235
//rev end
914 - 0 0 0 85 0 75 75 75 75 75
913 - 0 0 0 85 0 75 75 75 75 75
912 - 0 0 0 85 0 75 75 75 75 75
127 - 75 0 0 0 0 50 50 50 50 50
183 - 50 0 0 0 0 45 40 50 45 45
182 - 50 0 0 0 0 45 40 50 45 45
4400 - 70 0 0 0 0 65 65 60 65 65
119 - 80 0 0 0 0 70 70 70 65 70
117 - 86 0 0 0 0 70 70 58 67 67
78 - 40 0 0 0 0 10 20 20 20 20
//fightkilns
15201 - 80 0 0 0 0 45 47 50 30 70
15202 - 0 0 0 0 140 150 200 200 200 300
15205 - 160 0 0 0 160 135 150 150 80 200
15203 - 160 0 0 80 0 200 200 200 200 200
15213 - 200 0 0 0 0 250 250 250 80 300
15214 - 200 0 0 0 0 250 250 250 80 300
15207 - 400 0 0 320 250 350 350 350 300 400
15206 - 320 0 0 0 0 190 185 185 80 250
15204 - 320 0 0 0 0 150 185 185 80 250
15208 - 2000 2000 2000 2000 2000 1000 1000 1000 150 1000
15211 - 0 0 0 0 0 1000 1000 1000 150 1000
15209 - 200 0 0 0 250 250 250 500 400 550
15210 - 200 0 0 190 0 500 500 500 400 300
2734 - 20 0 0 0 0 20 20 20 50 20
2737 - 40 0 0 0 0 45 47 50 70 70
2738 - 20 0 0 0 0 23 24 25 35 35
2739 - 80 0 0 0 80 135 135 150 150 100
2741 - 160 0 0 0 0 190 185 185 180 125
2743 - 200 0 0 320 250 350 350 350 300 250
//Unkown
8335 - 2000 2000 2000 2000 2000 1000 1000 1000 1000 1000
3340 - 80 0 0 0 0 300 300 300 250 300
//kalphite queens
1158 - 450 0 0 450 450 450 450 400 400 700
1160 - 450 0 0 450 450 600 600 600 200 550
//Bork
7133 - 400 0 0 400 400 150 300 300 165 175
7134 - 400 0 0 400 400 150 300 300 165 175
7135 - 100 52 52 100 100 70 75 75 80 82
//jads jad
2745 - 2000 2000 2000 2000 2000 400 500 500 500 400
//Summonnig
6823 - 125 0 0 0 0 200 200 200 150 250
6822 - 125 0 0 0 0 200 200 200 150 250
//Steel titan
7344 - 200 0 0 230 250 350 350 350 300 400
7343 - 200 0 0 230 250 350 350 350 300 400
//Tormented demon
8349 - 450 0 0 450 450 200 350 350 200 250
8350 - 450 0 0 450 450 200 350 350 200 250
8351 - 450 0 0 450 450 200 350 350 200 250
8352 - 450 0 0 450 450 200 350 350 200 250
8353 - 450 0 0 450 450 200 350 350 200 250
8354 - 450 0 0 450 450 200 350 350 200 250
8355 - 450 0 0 450 450 200 350 350 200 250
8356 - 450 0 0 450 450 200 350 350 200 250
8357 - 450 0 0 450 450 200 350 350 200 250
8358 - 450 0 0 450 450 200 350 350 200 250
8359 - 450 0 0 450 450 200 350 350 200 250
8360 - 450 0 0 450 450 200 350 350 200 250
8361 - 450 0 0 450 450 200 350 350 200 250
8362 - 450 0 0 450 450 200 350 350 200 250
8363 - 450 0 0 450 450 200 350 350 200 250
8364 - 450 0 0 450 450 200 350 350 200 250
8365 - 450 0 0 450 450 200 350 350 200 250
8366 - 450 0 0 450 450 200 350 350 200 250
//Pack Yak
6874 - 150 0 0 0 0 250 250 250 100 300
6873 - 150 0 0 0 0 250 250 250 100 300
//Bunyip
6814 - 130 0 0 0 0 200 200 200 100 250
6813 - 130 0 0 0 0 250 250 250 100 250
//Abbysal Titan
7350 - 150 0 0 150 150 250 300 250 200 255
7349 - 150 0 0 150 150 250 300 250 200 255
//Lava Titan
7342 - 180 0 0 150 150 325 325 325 275 370
7341 - 180 0 0 150 150 325 325 325 275 370
//Geyser Titan
7340 - 190 0 0 190 190 325 325 325 325 325
7339 - 190 0 0 190 190 325 325 325 325 325
//Fire Titan
7356 - 185 0 0 150 150 325 325 325 275 370
2355 - 180 0 0 150 150 325 325 325 275 370
//Ice Titan
7360 - 185 0 0 150 150 325 325 325 275 370
7359 - 185 0 0 150 150 325 325 325 275 370
//Moss Titan
7358 - 185 0 0 150 150 325 325 325 275 370
7357 - 185 0 0 150 150 325 325 325 275 370
//Swamp Titan
7330 - 190 0 0 250 225 295 295 295 370 275
7329 - 190 0 0 250 225 295 295 295 370 275
//Iron Titan
7376 - 195 0 0 150 250 350 350 350 280 400
7375 - 195 0 0 150 250 350 350 350 280 400
//Spirit TerrorBird
6795 - 130 0 0 100 170 240 240 240 220 260
6794 - 130 0 0 100 170 240 240 240 220 260
//Frost dragons
51 - 280 221 221 210 210 278 280 280 300 360
//Metal dragons
1590 - 260 201 201 190 190 258 260 260 280 340
1591 - 270 211 211 190 190 258 260 260 280 340
1592 - 280 231 231 190 190 232 260 260 280 340
//Lucien custom boss
14256 - 1000 1000 1000 1000 1000 1000 1000 1000 1000 1000
//DT Bouncer
14483 - 80 0 0 0 0 150 150 150 100 100
//DT Black Knight Titan 
14436 - 80 0 0 0 0 250 250 250 50 300
//evil chicken
3375 - 0 0 0 200 0 300 300 300 300 300
//Delrith
879 - 20 0 0 0 0 30 30 30 30 30
//DT Delrith
14578 - 20 0 0 0 0 30 30 30 30 30
//Elvarg
742 - 121 10 10 170 0 200 215 254 201 320
//DT Elvarg
14548 - 121 10 10 170 0 200 215 254 201 320
8133 - 700 0 0 250 0 600 900 900 1000 900
9463 - 200 0 0 150 0 379 398 454 377 387
//Bronze dragon
941 - 221 15 15 224 210 274 275 294 241 330
//Iron dragon
1591 - 341 18 18 244 240 284 295 301 261 350
10776 - 341 18 18 244 240 284 295 301 261 350
10777 - 341 18 18 244 240 284 295 301 261 350
10778 - 341 18 18 244 240 284 295 301 261 350
10779 - 341 18 18 244 240 284 295 301 261 350
10780 - 341 18 18 244 240 284 295 301 261 350
10781 - 341 18 18 244 240 284 295 301 261 350
//Steel dragon
1592 - 361 20 20 264 260 301 312 315 281 370
3590 - 361 20 20 264 260 301 312 315 281 370
//Mithril dragon
1592 - 381 25 25 284 280 312 321 325 301 390
3590 - 381 25 25 284 280 312 321 325 301 390
//Green dragon
941 - 121 10 10 124 0 214 215 254 201 320
4677 - 121 10 10 124 0 214 215 254 201 320
4678 - 121 10 10 124 0 214 215 254 201 320
4679 - 121 10 10 124 0 214 215 254 201 320
4680 - 121 10 10 124 0 214 215 254 201 320
10604 - 121 10 10 124 0 214 215 254 201 320
10605 - 121 10 10 124 0 214 215 254 201 320
10606 - 121 10 10 124 0 214 215 254 201 320
10607 - 121 10 10 124 0 214 215 254 201 320
10608 - 121 10 10 124 0 214 215 254 201 320
10609 - 121 10 10 124 0 214 215 254 201 320
//ice spider
64 - 50 0 0 0 0 50 50 50 0 50
//Astea Frostweb
9965 - 70 0 0 120 0 200 200 200 150 0
9966 - 70 0 0 120 0 200 200 200 150 0
9967 - 70 0 0 120 0 200 200 200 150 0
9968 - 70 0 0 120 0 200 200 200 150 0
9969 - 70 0 0 120 0 200 200 200 150 0
9970 - 70 0 0 120 0 200 200 200 150 0
9971 - 70 0 0 120 0 200 200 200 150 0
9972 - 70 0 0 120 0 200 200 200 150 0
9973 - 70 0 0 120 0 200 200 200 150 0
9974 - 70 0 0 120 0 200 200 200 150 0
9975 - 70 0 0 120 0 200 200 200 150 0
9976 - 70 0 0 120 0 200 200 200 150 0
9977 - 70 0 0 120 0 200 200 200 150 0
9978 - 70 0 0 120 0 200 200 200 150 0
9979 - 70 0 0 120 0 200 200 200 150 0
9980 - 70 0 0 120 0 200 200 200 150 0
9981 - 70 0 0 120 0 200 200 200 150 0
9982 - 70 0 0 120 0 200 200 200 150 0
9983 - 70 0 0 120 0 200 200 200 150 0
9984 - 70 0 0 120 0 200 200 200 150 0
9985 - 70 0 0 120 0 200 200 200 150 0
9986 - 70 0 0 120 0 200 200 200 150 0
9987 - 70 0 0 120 0 200 200 200 150 0
9988 - 70 0 0 120 0 200 200 200 150 0
9989 - 70 0 0 120 0 200 200 200 150 0
9990 - 70 0 0 120 0 200 200 200 150 0
9991 - 70 0 0 120 0 200 200 200 150 0
9992 - 100 0 0 150 0 250 250 250 200 0
9993 - 100 0 0 150 0 250 250 250 200 0
9994 - 100 0 0 150 0 250 250 250 200 0
9995 - 140 0 0 200 0 300 300 300 250 0
9996 - 140 0 0 200 0 300 300 300 250 0
9997 - 140 0 0 200 0 300 300 300 250 0
9998 - 140 0 0 200 0 300 300 300 250 0
9999 - 140 0 0 200 0 300 300 300 250 0
10000 - 140 0 0 200 0 300 300 300 250 0
10001 - 140 0 0 200 0 300 300 300 250 0
10002 - 160 0 0 240 0 325 325 325 275 0
10003 - 160 0 0 240 0 325 325 325 275 0
10004 - 160 0 0 240 0 325 325 325 275 0
10005 - 160 0 0 240 0 325 325 325 275 0
10006 - 160 0 0 240 0 325 325 325 275 0
10007 - 160 0 0 240 0 325 325 325 275 0
10008 - 160 0 0 240 0 325 325 325 275 0
10009 - 160 0 0 240 0 325 325 325 275 0
10010 - 180 0 0 260 0 400 400 400 350 0
10011 - 180 0 0 260 0 400 400 400 350 0
10012 - 180 0 0 260 0 400 400 400 350 0
10013 - 180 0 0 260 0 400 400 400 350 0
10014 - 180 0 0 260 0 400 400 400 350 0
10015 - 180 0 0 260 0 400 400 400 350 0
10016 - 200 0 0 300 0 500 500 500 425 0
10017 - 200 0 0 300 0 500 500 500 425 0
10018 - 200 0 0 300 0 500 500 500 425 0
10019 - 200 0 0 300 0 500 500 500 425 0
10020 - 200 0 0 300 0 500 500 500 425 0
10021 - 200 0 0 300 0 500 500 500 425 0
//Gluttonous behemoth
9948 - 70 70 70 70 70 80 100 80 100 100
9949 - 70 70 70 70 70 80 100 80 100 100
9950 - 70 70 70 70 70 80 100 80 100 100
9951 - 70 70 70 70 70 80 100 80 100 100
9952 - 70 70 70 70 70 80 100 80 100 100
9953 - 70 70 70 70 70 80 100 80 100 100
9954 - 150 150 150 150 150 150 200 150 200 200
9955 - 150 150 150 150 150 100 125 100 125 125
9956 - 200 200 200 200 200 200 250 200 250 250
9957 - 200 200 200 200 200 200 250 200 250 250
9958 - 200 200 200 200 200 200 250 200 250 250
9959 - 200 200 200 200 200 200 250 200 250 250
9960 - 200 200 200 200 200 200 250 200 250 250
9961 - 200 200 200 200 200 200 250 200 250 250
9962 - 300 300 300 300 300 300 400 300 400 400
9963 - 400 400 400 400 400 350 480 350 480 480
9964 - 500 500 500 500 500 400 500 400 500 500
//godwars zamorak
6203 - 600 0 0 0 400 500 350 500 300 600
6204 - 300 0 0 0 0 300 300 300 200 200
6206 - 100 0 0 0 300 300 300 300 200 200
6208 - 100 0 0 0 0 300 300 300 200 200
//godwars armadyl
6222 - 400 0 0 0 650 300 0 0 500 300
6223 - 100 0 0 0 0 300 300 300 200 200
6225 - 600 0 0 0 300 100 300 300 200 200
6227 - 300 0 0 0 0 100 300 300 200 200
//bandos godwars
6260 - 600 0 0 0 300 500 350 500 300 600
6261 - 100 0 0 0 200 100 300 300 200 350
6263 - 0 0 0 50 0 300 300 300 20 300
6265 - 0 0 0 0 100 300 250 300 250 350
//sara godwars
6247 - 450 0 0 450 0 500 500 350 300 600
6248 - 100 0 0 0 0 300 300 300 200 350
6250 - 0 0 0 100 0 300 300 300 20 300
6252 - 0 0 0 0 200 300 250 300 250 350
//zaros godwars
13447 - 600 300 300 300 600 1000 1100 1100 1100 1000
13448 - 600 300 300 300 600 1000 1100 1100 1100 1000
13449 - 600 300 300 300 600 1000 1100 1100 1100 1000
13450 - 600 300 300 300 600 1000 1100 1100 1100 1000
//ahrim
2025 - 0 0 0 172 0 202 184 216 172 99
//guthan
2027 - 174 0 0 0 0 358 356 340 88 375
//karil
2028 - 0 0 0 0 233 178 170 189 205 199
//torag
2029 - 184 0 0 0 0 361 359 343 88 385
//verac
2030 - 253 0 0 0 0 320 331 321 99 321
//dharok
2026 - 202 0 0 0 0 351 349 333 87 374