//key money boolean(general store) - Name - item quantity and repeat
1 995 true - Edgeville General Store - 1931 30 1935 10 1735 10 1925 30 1923 10 1887 10 590 10 1755 10 2347 10 550 10 9003 10
2 995 false - Bob's Brilliant Axes - 1265 10 1351 10 1349 10 1353 10 1363 10 1365 10 1369 10 1359 10 
3 995 false - Lumbridge Fishing Supplies - 303 5 307 10 309 10 13431 10 313 1000 314 1000 317 0 327 0 345 0 321 0 335 0 349 0 331 0 13435 0
4 995 true - Lumbridge General Store - 1931 30 1935 10 1735 10 1925 30 1923 10 1887 10 590 10 1755 10 2347 10 550 10 9003 10
5 995 true - Beefy Bill's Supplies - 1931 30 1929 10 1937 10 2313 10 1887 10 590 10 1735 10 1951 10 1969 10 1949 10 9703 10 9704 10 9705 10 9706 30
6 995 false - Peksa's Helmet Shop - 1139 10 1137 10 1141 10 1143 10 1145 10 1155 10 1153 10 1157 10 1165 10 1159 10 1161 10
7 995 false - Oziach's Armour - 1127 10 1135 10
8 995 true - Varrock General Store - 1931 30 1935 10 1735 10 1925 30 1923 10 1887 10 590 10 1755 10 2347 10 550 10 9003 10
9 995 false - Dealga's Scimitar Emporium - 4587 10
10 995 false - Zaff's Superior Staves - 1379 10 1389 10 1381 10 1383 10 1385 10 1387 10 579 500 577 500 1011 500 2579 500
11 995 false - Aubury's Rune Shop - 554 100000 555 100000 556 100000 557 100000 558 100000 559 100000 560 100000 561 100000 562 100000 563 100000 564 100000 565 100000 566 10000 8007 10000 8008 10000 8009 10000 8010 10000 8011 10000 8012 10000 8013 10000
12 995 false - Scavvo's Rune Store - 1093 10 1079 10 1432 10 1113 10 1289 10 1303 10 1099 10 1065 10 1169 10
13 995 false - Varrock Sword Shop - 1277 10 1279 10 1281 10 1283 10 1285 10 1287 10 1291 10 1293 10 1295 10 1297 10 1299 10 1301 10 1205 10 1203 10 1207 10 1217 10 1209 10 1211 10
14 995 false - Lowe's Archery Emporium - 882 1000 884 100 886 100 888 100 890 30 877 300 841 10 839 10 843 10 845 10 849 10 847 10 853 10 851 10 837 10
15 995 false - Horvik's Armour Shop - 1103 10 1101 10 1139 10 1137 10 1173 10 1175 10 1075 10 1067 10 1087 10 1081 10 1117 10 1115 10 1119 10 1125 10 1121 10
16 995 false - Dodgy Derek's Dirty Deals - 1523 2 6412 5 18644 100 590 10 954 10
17 995 true - Valaine's Shop of Champions - 1019 10 1165 10 1077 10 1123 10
18 995 false - Thessalia's Fine Clothes - 1005 10 1129 10 1059 10 1061 10 1013 10 1015 10 1011 10 1007 10 950 10 426 10 428 10
19 995 false - Urist's Crafting Supplies - 1755 10 1592 10 1597 10 1595 10 1733 10 1599 10 2976 10 5523 10 9434 10 11065 10
20 995 false - Draynor Seed Market - 5318 10 5319 10 5324 10 5322 0 5320 0 5323 0 5321 0 5096 10 5097 10 5305 10 5306 10 5307 10 5308 10 5309 10 5310 10 5311 10
21 995 false - Diango's Toy Store - 2520 10 2522 10 2524 10 2526 10 4613 10 12844 10 20179 10 20180 100 3006 150 20722 400 20716 10 20718 10 20725 10 20714 10
22 955 false - Hunter Expert's shop - 10006 1337 10008 1337
23 995 false - Bow and Arrow Store - 1065 100 1099 100 1135 100 2487 100 2493 100 2499 100 2489 100 2495 100 2501 100 9144 10000 9185 10000 9341 10000 882 10000 884 10000 886 10000 888 10000 890 10000 892 10000 1129 100 1061 100 1059 100 1095 100 1133 100 1097 100 10498 100
24 995 false - Fishing Store - 303 1000 305 1000 307 1000 309 1000 301 1000 311 1000 314 100000 313 100000 15263 100000
25 995 false - Armour Store - 1155 100 1117 100 1075 100 1089 100 1153 100 1115 100 1067 100 1191 100 1725 100 1157 100 1119 100 1069 100 1193 100 1159 100 1121 100 1071 100 1197 100 1540 100 1161 100 1123 100 1073 100 1199 100 1163 100 1127 100 1079 100 1201 100 3105 100 10828 100 3751 100 
26 995 false - Herblore Shop - 15364 100 221 100 15362 100 229 100 233 100 
27 995 false - Edible Store - 319 10000 315 10000 325 10000 347 10000 333 10000 351 10000 329 10000 361 10000 379 10000 373 10000 365 10000 7946 10000 2434 1000 2436 1000 2440 1000 2442 1000 2446 1000 2444 1000 3040 1000  
28 995 false - Weapon Store - 1307 100 1309 100 1311 100 1315 100 1317 100 1319 100 1277 100 1279 100 1281 100 1283 100 1285 100 1287 100 1291 100 1293 100 1295 100 1297 100 1299 100 1301 100 1321 100 1323 100 1325 100 1327 100 1329 100 1331 100 1333 100 4587 100 1215 100 1305 100 1434 100 1377 100 1434 100 1249 100
29 995 false - Slayer Shop - 4155 100 8921 100 15490 100 15488 100 4164 100 4166 100 4161 100 6696 100 4156 100 6660 100 7051 100 4551 100 8923 100 15492 100 7159 100 10952 100 6708 100 4158 100 4150 100 13280 100 13278 100 13279 100 4170 100 7421 100 4168 100 4162 100
30 995 false - Drogo's mining Emporium - 2347 10 1265 10 436 0 438 0 440 0 453 0 2349 0 2351 0 2357 0
31 995 true - Dwarven Shopping Store - 1931 30 1935 10 1735 10 1925 30 590 10 1755 10 2347 10
32 995 false - Nurmof's Pickaxe Shop - 1265 10 1267 10 1269 10 1273 10 1271 10 1275 10
33 995 false - Crossbow Shop - 9440 10 9442 10 9444 10 9446 10 9448 10 9450 0 9452 0 9420 10 9423 10 9425 10 9427 10 9429 0 9431 0 9174 0 9177 0 9179 0 9181 0 9183 0 9185 0