35 - 3 -1
74 - 0 8
75 - 4 6
78 - 13 -1
86 - 2 -1
87 - 2 -1
88 - 10 -1
89 - 10 -1
272 - 5 -1
278 - 3 -1
284 - 4 6
285 - 7 -1
286 - 4 -1
287 - 4 -1
288 - 4 -1
295 - 2 -1
411 - 5 -1
413 - 5 -1
421 - 2 -1
426 - 4 6
428 - 7 -1
430 - 4 6
466 - 3 -1
468 - 3 -1
470 - 3 -1
472 - 3 -1
474 - 3 -1
476 - 3 -1
478 - 3 -1
492 - 3 -1
494 - 3 -1
496 - 3 -1
498 - 3 -1
500 - 3 -1
502 - 3 -1
504 - 3 -1
506 - 3 -1
538 - 7 -1
540 - 4 6
542 - 7 -1
544 - 4 6
546 - 4 6
548 - 7 -1
552 - 2 -1
577 - 4 6
579 - 0 8
581 - 4 6
589 - 2 -1
598 - 13 -1
616 - 2 -1
626 - 10 -1
628 - 10 -1
630 - 10 -1
632 - 10 -1
634 - 10 -1
636 - 4 6
638 - 4 6
640 - 4 6
642 - 4 6
644 - 4 6
646 - 7 -1
648 - 7 -1
650 - 7 -1
652 - 7 -1
654 - 7 -1
656 - 0 -1
658 - 0 -1
660 - 0 -1
662 - 0 -1
664 - 0 -1
667 - 3 -1
675 - 3 -1
732 - 3 -1
740 - 0 -1
746 - 3 -1
747 - 3 -1
751 - 3 -1
767 - 3 -1
772 - 3 -1
773 - 12 -1
774 - 2 -1
775 - 9 -1
776 - 9 -1
777 - 9 -1
778 - 9 -1
800 - 3 -1
801 - 3 -1
802 - 3 -1
803 - 3 -1
804 - 3 -1
805 - 3 -1
806 - 3 -1
807 - 3 -1
808 - 3 -1
809 - 3 -1
810 - 3 -1
811 - 3 -1
812 - 3 -1
813 - 3 -1
814 - 3 -1
815 - 3 -1
816 - 3 -1
817 - 3 -1
818 - 3 -1
825 - 3 -1
826 - 3 -1
827 - 3 -1
828 - 3 -1
829 - 3 -1
830 - 3 -1
831 - 3 -1
832 - 3 -1
833 - 3 -1
834 - 3 -1
835 - 3 -1
836 - 3 -1
837 - 3 -1
839 - 3 5
841 - 3 5
843 - 3 5
845 - 3 5
847 - 3 5
849 - 3 5
851 - 3 5
853 - 3 5
855 - 3 5
857 - 3 5
859 - 3 5
861 - 3 5
863 - 3 -1
864 - 3 -1
865 - 3 -1
866 - 3 -1
867 - 3 -1
868 - 3 -1
869 - 3 -1
870 - 3 -1
871 - 3 -1
872 - 3 -1
873 - 3 -1
874 - 3 -1
875 - 3 -1
876 - 3 -1
877 - 13 -1
878 - 13 -1
879 - 13 -1
880 - 13 -1
881 - 13 -1
882 - 13 -1
883 - 13 -1
884 - 13 -1
885 - 13 -1
886 - 13 -1
887 - 13 -1
888 - 13 -1
889 - 13 -1
890 - 13 -1
891 - 13 -1
892 - 13 -1
893 - 13 -1
942 - 13 -1
945 - 3 -1
975 - 3 -1
1005 - 4 -1
1007 - 1 -1
1009 - 2 -1
1011 - 7 -1
1013 - 7 -1
1015 - 7 -1
1017 - 0 8
1019 - 1 -1
1021 - 1 -1
1023 - 1 -1
1025 - 0 -1
1027 - 1 -1
1029 - 1 -1
1031 - 1 -1
1033 - 7 -1
1035 - 4 6
1037 - 0 -1
1038 - 0 -1
1040 - 0 -1
1042 - 0 -1
1044 - 0 -1
1046 - 0 -1
1048 - 0 -1
1050 - 0 -1
1052 - 1 -1
1053 - 0 8
1055 - 0 8
1057 - 0 8
1059 - 9 -1
1061 - 10 -1
1063 - 9 -1
1065 - 9 -1
1067 - 7 -1
1069 - 7 -1
1071 - 7 -1
1073 - 7 -1
1075 - 7 -1
1077 - 7 -1
1079 - 7 -1
1081 - 7 -1
1083 - 7 -1
1085 - 7 -1
1087 - 7 -1
1089 - 7 -1
1091 - 7 -1
1093 - 7 -1
1095 - 7 -1
1097 - 7 -1
1099 - 7 -1
1101 - 4 6
1103 - 4 6
1105 - 4 6
1107 - 4 6
1109 - 4 6
1111 - 4 6
1113 - 4 6
1115 - 4 6
1117 - 4 6
1119 - 4 6
1121 - 4 6
1123 - 4 6
1125 - 4 6
1127 - 4 6
1129 - 4 6
1131 - 4 6
1133 - 4 6
1135 - 4 6
1137 - 0 8
1139 - 0 8
1141 - 0 8
1143 - 0 8
1145 - 0 8
1147 - 0 8
1149 - 0 8
1151 - 0 8
1153 - 0 8
1155 - 0 8
1157 - 0 8
1159 - 0 8
1161 - 0 8
1163 - 0 8
1165 - 0 8
1167 - 0 8
1169 - 0 8
1171 - 5 -1
1173 - 5 -1
1175 - 5 -1
1177 - 5 -1
1179 - 5 -1
1181 - 5 -1
1183 - 5 -1
1185 - 5 -1
1187 - 5 -1
1189 - 5 -1
1191 - 5 -1
1193 - 5 -1
1195 - 5 -1
1197 - 5 -1
1199 - 5 -1
1201 - 5 -1
1203 - 3 -1
1205 - 3 -1
1207 - 3 -1
1209 - 3 -1
1211 - 3 -1
1213 - 3 -1
1215 - 3 -1
1217 - 3 -1
1219 - 3 -1
1221 - 3 -1
1223 - 3 -1
1225 - 3 -1
1227 - 3 -1
1229 - 3 -1
1231 - 3 -1
1233 - 3 -1
1235 - 3 -1
1237 - 3 5
1239 - 3 5
1241 - 3 5
1243 - 3 5
1245 - 3 5
1247 - 3 5
1249 - 3 5
1251 - 3 5
1253 - 3 5
1255 - 3 5
1257 - 3 5
1259 - 3 5
1261 - 3 5
1263 - 3 5
1265 - 3 -1
1267 - 3 -1
1269 - 3 -1
1271 - 3 -1
1273 - 3 -1
1275 - 3 -1
1277 - 3 -1
1279 - 3 -1
1281 - 3 -1
1283 - 3 -1
1285 - 3 -1
1287 - 3 -1
1289 - 3 -1
1291 - 3 -1
1293 - 3 -1
1295 - 3 -1
1297 - 3 -1
1299 - 3 -1
1301 - 3 -1
1303 - 3 -1
1305 - 3 -1
1307 - 3 5
1309 - 3 5
1311 - 3 5
1313 - 3 5
1315 - 3 5
1317 - 3 5
1319 - 3 5
1321 - 3 -1
1323 - 3 -1
1325 - 3 -1
1327 - 3 -1
1329 - 3 -1
1331 - 3 -1
1333 - 3 -1
1335 - 3 -1
1337 - 3 -1
1339 - 3 -1
1341 - 3 -1
1343 - 3 -1
1345 - 3 -1
1347 - 3 -1
1349 - 3 -1
1351 - 3 -1
1353 - 3 -1
1355 - 3 -1
1357 - 3 -1
1359 - 3 -1
1361 - 3 -1
1363 - 3 -1
1365 - 3 -1
1367 - 3 -1
1369 - 3 -1
1371 - 3 -1
1373 - 3 -1
1375 - 3 -1
1377 - 3 -1
1379 - 3 -1
1381 - 3 -1
1383 - 3 -1
1385 - 3 -1
1387 - 3 -1
1389 - 3 -1
1391 - 3 -1
1393 - 3 -1
1395 - 3 -1
1397 - 3 -1
1399 - 3 -1
1401 - 3 -1
1403 - 3 -1
1405 - 3 -1
1407 - 3 -1
1409 - 3 -1
1419 - 3 5
1420 - 3 -1
1422 - 3 -1
1424 - 3 -1
1426 - 3 -1
1428 - 3 -1
1430 - 3 -1
1432 - 3 -1
1434 - 3 -1
1478 - 2 -1
1495 - 9 -1
1506 - 0 8
1540 - 5 -1
1549 - 5 -1
1554 - 5 -1
1575 - 2 -1
1580 - 9 -1
1635 - 12 -1
1637 - 12 -1
1639 - 12 -1
1641 - 12 -1
1643 - 12 -1
1645 - 12 -1
1654 - 2 -1
1656 - 2 -1
1658 - 2 -1
1660 - 2 -1
1662 - 2 -1
1664 - 2 -1
1692 - 2 -1
1694 - 2 -1
1696 - 2 -1
1698 - 2 -1
1700 - 2 -1
1702 - 2 -1
1704 - 2 -1
1706 - 2 -1
1708 - 2 -1
1710 - 2 -1
1712 - 2 -1
1716 - 2 -1
1718 - 2 -1
1722 - 2 -1
1724 - 2 -1
1725 - 2 -1
1727 - 2 -1
1729 - 2 -1
1731 - 2 -1
1757 - 4 -1
1796 - 2 -1
1797 - 2 -1
1833 - 4 6
1835 - 7 -1
1837 - 10 -1
1844 - 4 6
1845 - 7 -1
1846 - 10 -1
1917 - 3 -1
1949 - 0 -1
1963 - 3 -1
1973 - 5 -1
2395 - 3 -1
2402 - 3 -1
2405 - 4 6
2406 - 2 -1
2412 - 1 -1
2413 - 1 -1
2414 - 1 -1
2415 - 3 -1
2416 - 3 -1
2417 - 3 -1
2460 - 3 -1
2462 - 3 -1
2464 - 3 -1
2466 - 3 -1
2468 - 3 -1
2470 - 3 -1
2472 - 3 -1
2474 - 3 -1
2476 - 3 -1
2487 - 9 -1
2489 - 9 -1
2491 - 9 -1
2493 - 7 -1
2495 - 7 -1
2497 - 7 -1
2499 - 4 6
2501 - 4 6
2503 - 4 6
2532 - 13 -1
2533 - 13 -1
2534 - 13 -1
2535 - 13 -1
2536 - 13 -1
2537 - 13 -1
2538 - 13 -1
2539 - 13 -1
2540 - 13 -1
2541 - 13 -1
2550 - 12 -1
2552 - 12 -1
2554 - 12 -1
2556 - 12 -1
2558 - 12 -1
2560 - 12 -1
2562 - 12 -1
2564 - 12 -1
2566 - 12 -1
2568 - 12 -1
2570 - 12 -1
2572 - 12 -1
2577 - 10 -1
2579 - 10 -1
2581 - 0 -1
2583 - 4 6
2585 - 7 -1
2587 - 0 8
2589 - 5 -1
2591 - 4 6
2593 - 7 -1
2595 - 0 8
2597 - 5 -1
2599 - 4 6
2601 - 7 -1
2603 - 5 -1
2605 - 0 8
2607 - 4 6
2609 - 7 -1
2611 - 5 -1
2613 - 0 8
2615 - 4 6
2617 - 7 -1
2619 - 0 8
2621 - 5 -1
2623 - 4 6
2625 - 7 -1
2627 - 0 8
2629 - 5 -1
2631 - 0 -1
2633 - 0 -1
2635 - 0 -1
2637 - 0 -1
2639 - 0 -1
2641 - 0 -1
2643 - 0 -1
2645 - 0 -1
2647 - 0 -1
2649 - 0 -1
2651 - 0 -1
2653 - 4 6
2655 - 7 -1
2657 - 0 8
2659 - 5 -1
2661 - 4 6
2663 - 7 -1
2665 - 0 8
2667 - 5 -1
2669 - 4 6
2671 - 7 -1
2673 - 0 8
2675 - 5 -1
2866 - 13 -1
2883 - 3 5
2888 - 3 -1
2889 - 3 -1
2890 - 5 -1
2894 - 10 -1
2896 - 4 6
2898 - 7 -1
2900 - 0 -1
2902 - 9 -1
2904 - 10 -1
2906 - 4 6
2908 - 7 -1
2910 - 0 -1
2912 - 9 -1
2914 - 10 -1
2916 - 4 6
2918 - 7 -1
2920 - 0 -1
2922 - 9 -1
2924 - 10 -1
2926 - 4 6
2928 - 7 -1
2930 - 0 -1
2932 - 9 -1
2934 - 10 -1
2936 - 4 6
2938 - 7 -1
2940 - 0 -1
2942 - 9 -1
2952 - 3 -1
2961 - 3 -1
2963 - 3 -1
2978 - 0 -1
2979 - 0 -1
2980 - 0 -1
2981 - 0 -1
2982 - 0 -1
2983 - 0 -1
2984 - 0 -1
2985 - 0 -1
2986 - 0 -1
2987 - 0 -1
2988 - 0 -1
2989 - 0 -1
2990 - 0 -1
2991 - 0 -1
2992 - 0 -1
2993 - 0 -1
2994 - 0 -1
2995 - 0 -1
2997 - 9 -1
3053 - 3 -1
3054 - 3 -1
3057 - 0 11
3058 - 4 6
3059 - 7 -1
3060 - 9 -1
3061 - 10 -1
3093 - 3 -1
3094 - 3 -1
3095 - 3 5
3096 - 3 5
3097 - 3 5
3098 - 3 5
3099 - 3 5
3100 - 3 5
3101 - 3 5
3105 - 10 -1
3107 - 10 -1
3122 - 5 -1
3140 - 4 6
3157 - 3 -1
3170 - 3 5
3171 - 3 5
3172 - 3 5
3173 - 3 5
3174 - 3 5
3175 - 3 5
3176 - 3 5
3177 - 5 -1
3190 - 3 5
3192 - 3 5
3194 - 3 5
3196 - 3 5
3198 - 3 5
3200 - 3 5
3202 - 3 5
3204 - 3 5
3208 - 2 -1
3250 - 5 -1
3327 - 0 8
3329 - 0 8
3331 - 0 8
3333 - 0 8
3335 - 0 8
3337 - 0 8
3339 - 0 8
3341 - 0 8
3343 - 0 8
3385 - 0 -1
3387 - 4 6
3389 - 7 -1
3391 - 9 -1
3393 - 10 -1
3472 - 7 -1
3473 - 7 -1
3474 - 7 -1
3475 - 7 -1
3476 - 7 -1
3477 - 7 -1
3478 - 7 -1
3479 - 7 -1
3480 - 7 -1
3481 - 4 6
3483 - 7 -1
3485 - 7 -1
3486 - 0 8
3488 - 5 -1
3688 - 3 -1
3689 - 3 -1
3690 - 3 -1
3691 - 3 -1
3695 - 3 5
3748 - 0 8
3749 - 0 8
3751 - 0 8
3753 - 0 8
3755 - 0 8
3757 - 3 -1
3758 - 5 -1
3759 - 1 -1
3761 - 1 -1
3763 - 1 -1
3765 - 1 -1
3767 - 4 6
3769 - 4 6
3771 - 4 6
3773 - 4 6
3775 - 4 6
3777 - 1 -1
3779 - 1 -1
3781 - 1 -1
3783 - 1 -1
3785 - 1 -1
3787 - 1 -1
3789 - 1 -1
3791 - 10 -1
3793 - 4 6
3795 - 7 -1
3797 - 0 -1
3799 - 9 -1
3839 - 5 -1
3840 - 5 -1
3841 - 5 -1
3842 - 5 -1
3843 - 5 -1
3844 - 5 -1
3850 - 3 -1
3853 - 2 -1
3855 - 2 -1
3857 - 2 -1
3859 - 2 -1
3861 - 2 -1
3863 - 2 -1
3865 - 2 -1
3867 - 2 -1
3893 - 3 -1
3899 - 3 -1
4021 - 2 -1
4023 - 3 -1
4024 - 3 -1
4025 - 3 -1
4026 - 3 -1
4027 - 3 -1
4028 - 3 -1
4029 - 3 -1
4030 - 3 -1
4031 - 3 -1
4035 - 2 -1
4037 - 3 5
4039 - 3 5
4041 - 1 0
4042 - 1 0
4068 - 3 -1
4069 - 4 6
4070 - 7 -1
4071 - 0 8
4072 - 5 -1
4080 - 3 -1
4081 - 2 -1
4083 - 3 -1
4084 - 3 5
4085 - 5 -1
4086 - 3 -1
4087 - 7 -1
4089 - 0 8
4091 - 4 6
4093 - 7 -1
4095 - 9 -1
4097 - 10 -1
4099 - 0 8
4101 - 4 6
4103 - 7 -1
4105 - 9 -1
4107 - 10 -1
4109 - 0 8
4111 - 4 6
4113 - 7 -1
4115 - 9 -1
4117 - 10 -1
4119 - 10 -1
4121 - 10 -1
4123 - 10 -1
4125 - 10 -1
4127 - 10 -1
4129 - 10 -1
4131 - 10 -1
4151 - 3 -1
4153 - 3 5
4156 - 5 -1
4158 - 3 5
4159 - 3 5
4160 - 13 -1
4162 - 3 -1
4164 - 0 11
4166 - 0 -1
4168 - 0 -1
4170 - 3 -1
4172 - 13 -1
4173 - 13 -1
4174 - 13 -1
4175 - 13 -1
4181 - 3 -1
4193 - 3 -1
4202 - 12 -1
4212 - 3 5
4214 - 3 5
4215 - 3 5
4216 - 3 5
4217 - 3 5
4218 - 3 5
4219 - 3 5
4220 - 3 5
4221 - 3 5
4222 - 3 5
4223 - 3 5
4224 - 5 -1
4225 - 5 -1
4226 - 5 -1
4227 - 5 -1
4228 - 5 -1
4229 - 5 -1
4230 - 5 -1
4231 - 5 -1
4232 - 5 -1
4233 - 5 -1
4234 - 5 -1
4236 - 3 5
4250 - 2 -1
4284 - 0 -1
4285 - 0 -1
4298 - 4 6
4300 - 7 -1
4302 - 0 8
4304 - 1 -1
4306 - 2 -1
4308 - 9 -1
4310 - 10 -1
4315 - 1 -1
4317 - 1 -1
4319 - 1 -1
4321 - 1 -1
4323 - 1 -1
4325 - 1 -1
4327 - 1 -1
4329 - 1 -1
4331 - 1 -1
4333 - 1 -1
4335 - 1 -1
4337 - 1 -1
4339 - 1 -1
4341 - 1 -1
4343 - 1 -1
4345 - 1 -1
4347 - 1 -1
4349 - 1 -1
4351 - 1 -1
4353 - 1 -1
4355 - 1 -1
4357 - 1 -1
4359 - 1 -1
4361 - 1 -1
4363 - 1 -1
4365 - 1 -1
4367 - 1 -1
4369 - 1 -1
4371 - 1 -1
4373 - 1 -1
4375 - 1 -1
4377 - 1 -1
4379 - 1 -1
4381 - 1 -1
4383 - 1 -1
4385 - 1 -1
4387 - 1 -1
4389 - 1 -1
4391 - 1 -1
4393 - 1 -1
4395 - 1 -1
4397 - 1 -1
4399 - 1 -1
4401 - 1 -1
4403 - 1 -1
4405 - 1 -1
4407 - 1 -1
4409 - 1 -1
4411 - 1 -1
4413 - 1 -1
4498 - 3 -1
4500 - 3 -1
4501 - 3 -1
4502 - 0 8
4503 - 3 -1
4504 - 4 6
4505 - 7 -1
4506 - 0 8
4507 - 5 -1
4508 - 3 -1
4509 - 4 6
4510 - 7 -1
4511 - 0 8
4512 - 5 -1
4513 - 0 8
4514 - 1 -1
4515 - 0 8
4516 - 1 -1
4551 - 0 8
4565 - 3 -1
4566 - 3 -1
4567 - 0 8
4580 - 3 5
4582 - 3 5
4584 - 3 5
4585 - 7 -1
4587 - 3 -1
4599 - 3 -1
4600 - 3 -1
4605 - 3 5
4611 - 0 8
4657 - 12 -1
4675 - 3 -1
4677 - 2 -1
4704 - 3 -1
4705 - 3 -1
4708 - 0 8
4710 - 3 5
4712 - 4 6
4714 - 7 -1
4716 - 0 8
4718 - 3 5
4720 - 4 6
4722 - 7 -1
4724 - 0 8
4726 - 3 5
4728 - 4 6
4730 - 7 -1
4732 - 0 8
4734 - 3 5
4736 - 4 6
4738 - 7 -1
4740 - 13 -1
4745 - 0 8
4747 - 3 5
4749 - 4 6
4751 - 7 -1
4753 - 0 8
4755 - 3 5
4757 - 4 6
4759 - 7 -1
4773 - 13 -1
4778 - 13 -1
4783 - 13 -1
4788 - 13 -1
4793 - 13 -1
4797 - 13 -1
4798 - 13 -1
4803 - 13 -1
4817 - 5 -1
4827 - 3 5
4829 - 5 -1
4837 - 5 -1
4856 - 0 8
4857 - 0 8
4858 - 0 8
4859 - 0 8
4860 - 0 8
4862 - 3 5
4863 - 3 5
4864 - 3 5
4865 - 3 5
4866 - 3 5
4868 - 4 6
4869 - 4 6
4870 - 4 6
4871 - 4 6
4872 - 4 6
4874 - 7 -1
4875 - 7 -1
4876 - 7 -1
4877 - 7 -1
4878 - 7 -1
4880 - 0 8
4881 - 0 8
4882 - 0 8
4883 - 0 8
4884 - 0 8
4886 - 3 5
4887 - 3 5
4888 - 3 5
4889 - 3 5
4890 - 3 5
4892 - 4 6
4893 - 4 6
4894 - 4 6
4895 - 4 6
4896 - 4 6
4898 - 7 -1
4899 - 7 -1
4900 - 7 -1
4901 - 7 -1
4902 - 7 -1
4904 - 0 8
4905 - 0 8
4906 - 0 8
4907 - 0 8
4908 - 0 8
4910 - 3 5
4911 - 3 5
4912 - 3 5
4913 - 3 5
4914 - 3 5
4916 - 4 6
4917 - 4 6
4918 - 4 6
4919 - 4 6
4920 - 4 6
4922 - 7 -1
4923 - 7 -1
4924 - 7 -1
4925 - 7 -1
4926 - 7 -1
4928 - 0 8
4929 - 0 8
4930 - 0 8
4931 - 0 8
4932 - 0 8
4934 - 3 5
4935 - 3 5
4936 - 3 5
4937 - 3 5
4938 - 3 5
4940 - 4 6
4941 - 4 6
4942 - 4 6
4943 - 4 6
4944 - 4 6
4946 - 7 -1
4947 - 7 -1
4948 - 7 -1
4949 - 7 -1
4950 - 7 -1
4952 - 0 8
4953 - 0 8
4954 - 0 8
4955 - 0 8
4956 - 0 8
4958 - 3 5
4959 - 3 5
4960 - 3 5
4961 - 3 5
4962 - 3 5
4964 - 4 6
4965 - 4 6
4966 - 4 6
4967 - 4 6
4968 - 4 6
4970 - 7 -1
4971 - 7 -1
4972 - 7 -1
4973 - 7 -1
4974 - 7 -1
4976 - 0 8
4977 - 0 8
4978 - 0 8
4979 - 0 8
4980 - 0 8
4982 - 3 5
4983 - 3 5
4984 - 3 5
4985 - 3 5
4986 - 3 5
4988 - 4 6
4989 - 4 6
4990 - 4 6
4991 - 4 6
4992 - 4 6
4994 - 7 -1
4995 - 7 -1
4996 - 7 -1
4997 - 7 -1
4998 - 7 -1
5013 - 0 -1
5014 - 0 -1
5016 - 3 -1
5018 - 3 -1
5024 - 4 6
5026 - 4 6
5028 - 4 6
5030 - 4 6
5032 - 4 6
5034 - 4 6
5036 - 7 -1
5038 - 7 -1
5040 - 7 -1
5042 - 7 -1
5044 - 7 -1
5046 - 7 -1
5048 - 7 -1
5050 - 7 -1
5052 - 7 -1
5060 - 3 -1
5061 - 3 -1
5329 - 3 -1
5345 - 10 -1
5521 - 2 -1
5525 - 0 -1
5527 - 0 -1
5529 - 0 -1
5531 - 0 -1
5533 - 0 -1
5535 - 0 -1
5537 - 0 -1
5539 - 0 -1
5541 - 0 -1
5543 - 0 -1
5545 - 0 -1
5547 - 0 -1
5549 - 0 -1
5551 - 0 -1
5553 - 4 6
5554 - 0 8
5555 - 7 -1
5556 - 9 -1
5557 - 10 -1
5560 - 5 -1
5574 - 0 8
5575 - 4 6
5576 - 7 -1
5607 - 1 -1
5608 - 3 -1
5609 - 5 -1
5614 - 3 -1
5616 - 13 -1
5617 - 13 -1
5618 - 13 -1
5619 - 13 -1
5620 - 13 -1
5621 - 13 -1
5622 - 13 -1
5623 - 13 -1
5624 - 13 -1
5625 - 13 -1
5626 - 13 -1
5627 - 13 -1
5628 - 3 -1
5629 - 3 -1
5630 - 3 -1
5631 - 3 -1
5632 - 3 -1
5633 - 3 -1
5634 - 3 -1
5635 - 3 -1
5636 - 3 -1
5637 - 3 -1
5638 - 3 -1
5639 - 3 -1
5640 - 3 -1
5641 - 3 -1
5642 - 3 -1
5643 - 3 -1
5644 - 3 -1
5645 - 3 -1
5646 - 3 -1
5647 - 3 -1
5648 - 3 -1
5649 - 3 -1
5650 - 3 -1
5651 - 3 -1
5652 - 3 -1
5653 - 3 -1
5654 - 3 -1
5655 - 3 -1
5656 - 3 -1
5657 - 3 -1
5658 - 3 -1
5659 - 3 -1
5660 - 3 -1
5661 - 3 -1
5662 - 3 -1
5663 - 3 -1
5664 - 3 -1
5665 - 3 -1
5666 - 3 -1
5667 - 3 -1
5668 - 3 -1
5670 - 3 -1
5672 - 3 -1
5674 - 3 -1
5676 - 3 -1
5678 - 3 -1
5680 - 3 -1
5682 - 3 -1
5684 - 3 -1
5686 - 3 -1
5688 - 3 -1
5690 - 3 -1
5692 - 3 -1
5694 - 3 -1
5696 - 3 -1
5698 - 3 -1
5700 - 3 -1
5702 - 3 -1
5704 - 3 5
5706 - 3 5
5708 - 3 5
5710 - 3 5
5712 - 3 5
5714 - 3 5
5716 - 3 5
5718 - 3 5
5720 - 3 5
5722 - 3 5
5724 - 3 5
5726 - 3 5
5728 - 3 5
5730 - 3 5
5732 - 5 -1
5734 - 3 5
5736 - 3 5
6040 - 2 -1
6041 - 2 -1
6061 - 13 -1
6062 - 13 -1
6065 - 4 6
6067 - 7 -1
6068 - 9 -1
6069 - 10 -1
6070 - 1 -1
6082 - 3 5
6106 - 10 -1
6107 - 4 6
6108 - 7 -1
6109 - 0 8
6110 - 9 -1
6111 - 1 -1
6122 - 5 -1
6123 - 3 -1
6125 - 3 -1
6126 - 3 -1
6127 - 3 -1
6128 - 0 8
6129 - 4 6
6130 - 7 -1
6131 - 0 8
6133 - 4 6
6135 - 7 -1
6137 - 0 8
6139 - 4 6
6141 - 7 -1
6143 - 10 -1
6145 - 10 -1
6147 - 10 -1
6149 - 9 -1
6151 - 9 -1
6153 - 9 -1
6180 - 4 6
6181 - 7 -1
6182 - 0 8
6184 - 4 6
6185 - 7 -1
6186 - 4 6
6187 - 7 -1
6188 - 0 8
6208 - 2 -1
6215 - 5 -1
6217 - 5 -1
6219 - 5 -1
6221 - 5 -1
6223 - 5 -1
6225 - 5 -1
6227 - 5 -1
6229 - 5 -1
6231 - 5 -1
6233 - 5 -1
6235 - 5 -1
6237 - 5 -1
6239 - 5 -1
6241 - 5 -1
6243 - 5 -1
6245 - 5 -1
6247 - 5 -1
6249 - 5 -1
6251 - 5 -1
6253 - 5 -1
6255 - 5 -1
6257 - 5 -1
6259 - 5 -1
6261 - 5 -1
6263 - 5 -1
6265 - 5 -1
6267 - 5 -1
6269 - 5 -1
6271 - 5 -1
6273 - 5 -1
6275 - 5 -1
6277 - 5 -1
6279 - 5 -1
6281 - 5 -1
6283 - 5 -1
6285 - 5 -1
6313 - 3 -1
6315 - 3 -1
6317 - 3 -1
6322 - 4 6
6324 - 7 -1
6326 - 0 8
6328 - 10 -1
6330 - 9 -1
6335 - 0 -1
6337 - 0 -1
6339 - 0 -1
6341 - 4 6
6343 - 7 -1
6345 - 0 -1
6347 - 9 -1
6349 - 10 -1
6351 - 4 6
6353 - 7 -1
6355 - 0 -1
6357 - 10 -1
6359 - 9 -1
6361 - 4 6
6363 - 7 -1
6365 - 0 -1
6367 - 10 -1
6369 - 9 -1
6371 - 4 6
6373 - 7 -1
6375 - 0 -1
6377 - 10 -1
6379 - 9 -1
6382 - 0 -1
6384 - 4 6
6386 - 7 -1
6388 - 4 6
6390 - 7 -1
6392 - 0 8
6394 - 4 6
6396 - 7 -1
6398 - 7 -1
6400 - 0 8
6402 - 4 6
6404 - 7 -1
6406 - 7 -1
6408 - 3 -1
6410 - 3 -1
6412 - 3 -1
6414 - 3 -1
6416 - 3 -1
6418 - 3 -1
6420 - 3 -1
6449 - 3 -1
6451 - 3 -1
6465 - 12 -1
6522 - 3 -1
6523 - 3 -1
6524 - 5 -1
6525 - 3 -1
6526 - 3 5
6527 - 3 -1
6528 - 3 5
6541 - 3 -1
6544 - 2 -1
6547 - 0 -1
6548 - 0 -1
6562 - 3 -1
6563 - 3 -1
6568 - 1 -1
6570 - 1 -1
6575 - 12 -1
6577 - 2 -1
6581 - 2 -1
6585 - 2 -1
6587 - 3 5
6589 - 3 -1
6591 - 3 -1
6593 - 3 -1
6595 - 3 -1
6597 - 3 -1
6599 - 3 5
6601 - 3 -1
6603 - 3 -1
6605 - 3 -1
6607 - 3 -1
6609 - 3 5
6611 - 3 -1
6613 - 3 -1
6615 - 4 6
6617 - 4 6
6619 - 10 -1
6621 - 0 8
6623 - 0 8
6625 - 7 -1
6627 - 7 -1
6629 - 9 -1
6631 - 5 -1
6633 - 5 -1
6654 - 4 6
6655 - 7 -1
6656 - 0 -1
6657 - 4 6
6658 - 7 10
6659 - 0 8
6665 - 0 8
6666 - 10 -1
6670 - 3 -1
6671 - 3 -1
6672 - 3 -1
6707 - 2 -1
6720 - 9 -1
6724 - 3 5
6731 - 12 -1
6733 - 12 -1
6735 - 12 -1
6737 - 12 -1
6739 - 3 -1
6741 - 3 -1
6745 - 3 -1
6746 - 3 -1
6750 - 4 6
6752 - 7 -1
6754 - 3 -1
6760 - 3 5
6762 - 3 5
6764 - 3 5
6773 - 3 5
6774 - 3 5
6775 - 3 5
6776 - 3 5
6777 - 3 5
6778 - 3 5
6779 - 3 5
6786 - 4 6
6787 - 7 -1
6790 - 10 -1
6809 - 7 -1
6817 - 3 5
6818 - 3 5
6856 - 0 -1
6857 - 2 -1
6858 - 0 -1
6859 - 2 -1
6860 - 0 -1
6861 - 2 -1
6862 - 0 -1
6863 - 2 -1
6864 - 3 -1
6885 - 0 -1
6886 - 0 -1
6887 - 0 -1
6889 - 5 -1
6908 - 3 -1
6910 - 3 -1
6912 - 3 -1
6914 - 3 -1
6916 - 4 6
6918 - 0 -1
6920 - 10 -1
6922 - 9 -1
6924 - 7 -1
6956 - 3 -1
6959 - 1 -1
6983 - 5 -1
7003 - 0 8
7004 - 3 -1
7051 - 5 -1
7053 - 5 -1
7110 - 4 -1
7112 - 0 8
7114 - 10 -1
7116 - 7 -1
7122 - 4 -1
7124 - 0 8
7126 - 7 -1
7128 - 4 -1
7130 - 0 8
7132 - 7 -1
7134 - 4 -1
7136 - 0 8
7138 - 7 -1
7140 - 3 -1
7141 - 3 -1
7142 - 3 -1
7158 - 3 5
7159 - 10 -1
7170 - 3 -1
7319 - 0 -1
7321 - 0 -1
7323 - 0 -1
7325 - 0 -1
7327 - 0 -1
7332 - 5 -1
7334 - 5 -1
7336 - 5 -1
7338 - 5 -1
7340 - 5 -1
7342 - 5 -1
7344 - 5 -1
7346 - 5 -1
7348 - 5 -1
7350 - 5 -1
7352 - 5 -1
7354 - 5 -1
7356 - 5 -1
7358 - 5 -1
7360 - 5 -1
7362 - 4 6
7364 - 4 6
7366 - 7 -1
7368 - 7 -1
7370 - 4 6
7372 - 4 6
7374 - 4 6
7376 - 4 6
7378 - 7 -1
7380 - 7 -1
7382 - 7 -1
7384 - 7 -1
7386 - 7 -1
7388 - 7 -1
7390 - 4 6
7392 - 4 6
7394 - 0 8
7396 - 0 8
7398 - 7 -1
7399 - 4 6
7400 - 0 8
7409 - 3 -1
7410 - 3 -1
7412 - 3 -1
7414 - 3 -1
7421 - 3 -1
7422 - 3 -1
7423 - 3 -1
7424 - 3 -1
7425 - 3 -1
7426 - 3 -1
7427 - 3 -1
7428 - 3 -1
7429 - 3 -1
7430 - 3 -1
7431 - 3 -1
7433 - 3 -1
7435 - 3 -1
7437 - 3 -1
7439 - 3 5
7441 - 3 -1
7443 - 3 -1
7445 - 3 -1
7447 - 3 -1
7449 - 3 -1
7451 - 3 -1
7453 - 9 -1
7454 - 9 -1
7455 - 9 -1
7456 - 9 -1
7457 - 9 -1
7458 - 9 -1
7459 - 9 -1
7460 - 9 -1
7461 - 9 -1
7462 - 9 -1
7534 - 0 8
7535 - 1 -1
7537 - 9 -1
7539 - 0 8
7572 - 5 -1
7592 - 4 -1
7593 - 7 -1
7594 - 0 8
7595 - 9 -1
7596 - 10 -1
7637 - 3 -1
7639 - 3 -1
7640 - 3 -1
7641 - 3 -1
7642 - 3 -1
7643 - 3 -1
7644 - 3 -1
7645 - 3 -1
7646 - 3 -1
7647 - 3 -1
7648 - 3 -1
7668 - 3 5
7671 - 3 5
7673 - 3 5
7675 - 3 -1
7676 - 5 -1
7679 - 3 5
7682 - 3 -1
7684 - 3 -1
7686 - 3 -1
7756 - 3 -1
7758 - 3 -1
7773 - 3 -1
7803 - 2 -1
7804 - 3 5
7806 - 3 -1
7807 - 3 -1
7808 - 3 -1
7809 - 3 5
7917 - 0 -1
7918 - 1 -1
7952 - 3 -1
8464 - 0 8
8466 - 0 8
8468 - 0 8
8470 - 0 8
8472 - 0 8
8474 - 0 8
8476 - 0 8
8478 - 0 8
8480 - 0 8
8482 - 0 8
8484 - 0 8
8486 - 0 8
8488 - 0 8
8490 - 0 8
8492 - 0 8
8494 - 0 8
8650 - 3 -1
8652 - 3 -1
8654 - 3 -1
8656 - 3 -1
8658 - 3 -1
8660 - 3 -1
8662 - 3 -1
8664 - 3 -1
8666 - 3 -1
8668 - 3 -1
8670 - 3 -1
8672 - 3 -1
8674 - 3 -1
8676 - 3 -1
8678 - 3 -1
8680 - 3 -1
8682 - 0 8
8684 - 0 8
8686 - 0 8
8688 - 0 8
8690 - 0 8
8692 - 0 8
8694 - 0 8
8696 - 0 8
8698 - 0 8
8700 - 0 8
8702 - 0 8
8704 - 0 8
8706 - 0 8
8708 - 0 8
8710 - 0 8
8712 - 0 8
8714 - 5 -1
8716 - 5 -1
8718 - 5 -1
8720 - 5 -1
8722 - 5 -1
8724 - 5 -1
8726 - 5 -1
8728 - 5 -1
8730 - 5 -1
8732 - 5 -1
8734 - 5 -1
8736 - 5 -1
8738 - 5 -1
8740 - 5 -1
8742 - 5 -1
8744 - 5 -1
8746 - 5 -1
8748 - 5 -1
8750 - 5 -1
8752 - 5 -1
8754 - 5 -1
8756 - 5 -1
8758 - 5 -1
8760 - 5 -1
8762 - 5 -1
8764 - 5 -1
8766 - 5 -1
8768 - 5 -1
8770 - 5 -1
8772 - 5 -1
8774 - 5 -1
8776 - 5 -1
8794 - 3 -1
8798 - 3 -1
8799 - 3 -1
8800 - 3 -1
8801 - 3 -1
8802 - 3 -1
8803 - 3 -1
8804 - 3 -1
8805 - 3 -1
8806 - 3 -1
8807 - 3 -1
8808 - 3 -1
8809 - 3 -1
8810 - 3 -1
8811 - 3 -1
8812 - 3 -1
8813 - 3 -1
8814 - 3 -1
8815 - 3 -1
8816 - 3 -1
8817 - 3 -1
8818 - 3 -1
8819 - 3 -1
8820 - 3 -1
8821 - 3 -1
8822 - 3 -1
8823 - 3 -1
8824 - 3 -1
8825 - 3 -1
8826 - 3 -1
8827 - 3 -1
8829 - 3 -1
8830 - 3 -1
8831 - 3 -1
8832 - 3 -1
8833 - 3 -1
8834 - 3 -1
8835 - 3 -1
8839 - 4 6
8840 - 7 -1
8841 - 3 -1
8842 - 9 -1
8844 - 5 -1
8845 - 5 -1
8846 - 5 -1
8847 - 5 -1
8848 - 5 -1
8849 - 5 -1
8850 - 5 -1
8856 - 5 -1
8860 - 0 -1
8861 - 0 -1
8862 - 0 -1
8863 - 0 -1
8864 - 0 -1
8871 - 3 5
8872 - 3 -1
8874 - 3 -1
8876 - 3 -1
8878 - 3 -1
8880 - 3 -1
8882 - 13 -1
8901 - 0 -1
8903 - 0 -1
8905 - 0 -1
8907 - 0 -1
8909 - 0 -1
8911 - 0 -1
8913 - 0 -1
8915 - 0 -1
8917 - 0 -1
8919 - 0 -1
8921 - 0 -1
8923 - 2 -1
8924 - 0 8
8925 - 0 8
8926 - 0 8
8927 - 0 8
8928 - 0 -1
8929 - 9 -1
8949 - 0 8
8950 - 0 -1
8952 - 4 6
8953 - 4 6
8954 - 4 6
8955 - 4 6
8956 - 4 6
8957 - 4 6
8958 - 4 6
8959 - 0 -1
8960 - 0 -1
8961 - 0 -1
8962 - 0 -1
8963 - 0 -1
8964 - 0 -1
8965 - 0 -1
8966 - 3 5
8967 - 3 5
8968 - 3 5
8969 - 3 5
8970 - 3 5
8971 - 3 5
8987 - 3 -1
8991 - 7 -1
8992 - 7 -1
8993 - 7 -1
8994 - 7 -1
8995 - 7 -1
8996 - 7 -1
8997 - 7 -1
9005 - 10 -1
9006 - 10 -1
9013 - 3 -1
9020 - 3 -1
9044 - 3 5
9046 - 3 5
9048 - 3 5
9050 - 3 5
9054 - 4 -1
9055 - 4 -1
9056 - 4 -1
9057 - 4 -1
9058 - 4 -1
9059 - 4 -1
9065 - 5 -1
9068 - 0 -1
9069 - 0 -1
9070 - 4 6
9071 - 7 -1
9072 - 9 -1
9073 - 10 -1
9074 - 1 -1
9083 - 2 -1
9084 - 3 -1
9091 - 3 -1
9092 - 3 -1
9093 - 3 -1
9096 - 0 8
9097 - 4 6
9098 - 7 -1
9099 - 9 -1
9100 - 10 -1
9101 - 1 -1
9102 - 2 -1
9104 - 12 -1
9106 - 0 -1
9139 - 13 -1
9140 - 13 -1
9141 - 13 -1
9142 - 13 -1
9143 - 13 -1
9144 - 13 -1
9145 - 13 -1
9174 - 3 -1
9176 - 3 -1
9177 - 3 -1
9179 - 3 -1
9181 - 3 -1
9183 - 3 -1
9185 - 3 -1
9236 - 13 -1
9237 - 13 -1
9238 - 13 -1
9239 - 13 -1
9240 - 13 -1
9241 - 13 -1
9242 - 13 -1
9243 - 13 -1
9244 - 13 -1
9245 - 13 -1
9286 - 13 -1
9287 - 13 -1
9288 - 13 -1
9289 - 13 -1
9290 - 13 -1
9291 - 13 -1
9292 - 13 -1
9293 - 13 -1
9294 - 13 -1
9295 - 13 -1
9296 - 13 -1
9297 - 13 -1
9298 - 13 -1
9299 - 13 -1
9300 - 13 -1
9301 - 13 -1
9302 - 13 -1
9303 - 13 -1
9304 - 13 -1
9305 - 13 -1
9306 - 13 -1
9335 - 13 -1
9336 - 13 -1
9337 - 13 -1
9338 - 13 -1
9339 - 13 -1
9340 - 13 -1
9341 - 13 -1
9342 - 13 -1
9419 - 13 -1
9420 - 5 -1
9422 - 5 -1
9423 - 5 -1
9425 - 5 -1
9427 - 5 -1
9429 - 5 -1
9431 - 5 -1
9440 - 3 -1
9442 - 3 -1
9444 - 3 -1
9446 - 3 -1
9448 - 3 -1
9450 - 3 -1
9452 - 3 -1
9470 - 2 -1
9472 - 0 -1
9625 - 3 -1
9629 - 0 8
9634 - 4 6
9636 - 7 -1
9638 - 10 -1
9640 - 4 6
9642 - 7 -1
9644 - 10 -1
9665 - 3 -1
9672 - 0 8
9674 - 4 6
9676 - 7 -1
9678 - 7 -1
9702 - 3 -1
9703 - 3 -1
9704 - 5 -1
9705 - 3 5
9706 - 13 -1
9729 - 0 -1
9731 - 5 -1
9733 - 0 -1
9747 - 1 -1
9748 - 1 -1
9749 - 0 8
9750 - 1 -1
9751 - 1 -1
9752 - 0 8
9753 - 1 -1
9754 - 1 -1
9755 - 0 8
9756 - 1 -1
9757 - 1 -1
9758 - 0 8
9759 - 1 -1
9760 - 1 -1
9761 - 0 8
9762 - 1 -1
9763 - 1 -1
9764 - 0 8
9765 - 1 -1
9766 - 1 -1
9767 - 0 8
9768 - 1 -1
9769 - 1 -1
9770 - 0 8
9771 - 1 -1
9772 - 1 -1
9773 - 0 8
9774 - 1 -1
9775 - 1 -1
9776 - 0 8
9777 - 1 -1
9778 - 1 -1
9779 - 0 8
9780 - 1 -1
9781 - 1 -1
9782 - 0 8
9783 - 1 -1
9784 - 1 -1
9785 - 0 8
9786 - 1 -1
9787 - 1 -1
9788 - 0 8
9789 - 1 -1
9790 - 1 -1
9791 - 0 8
9792 - 1 -1
9793 - 1 -1
9794 - 0 8
9795 - 1 -1
9796 - 1 -1
9797 - 0 8
9798 - 1 -1
9799 - 1 -1
9800 - 0 8
9801 - 1 -1
9802 - 1 -1
9803 - 0 8
9804 - 1 -1
9805 - 1 -1
9806 - 0 8
9807 - 1 -1
9808 - 1 -1
9809 - 0 8
9810 - 1 -1
9811 - 1 -1
9812 - 0 8
9813 - 1 -1
9814 - 0 8
9815 - 0 -1
9816 - 2 -1
9898 - 5 -1
9899 - 3 -1
9905 - 3 -1
9906 - 3 -1
9907 - 3 -1
9908 - 3 -1
9909 - 3 -1
9910 - 3 -1
9911 - 3 -1
9912 - 3 -1
9913 - 5 -1
9914 - 5 -1
9915 - 5 -1
9916 - 5 -1
9917 - 5 -1
9918 - 5 -1
9920 - 0 8
9921 - 10 -1
9922 - 9 -1
9923 - 7 -1
9924 - 4 6
9925 - 0 8
9926 - 5 -1
9927 - 5 -1
9928 - 5 -1
9929 - 5 -1
9930 - 5 -1
9931 - 5 -1
9943 - 3 -1
9944 - 4 6
9945 - 0 8
9946 - 0 8
9948 - 1 -1
9949 - 1 -1
9950 - 0 8
10010 - 3 -1
10022 - 5 -1
10023 - 3 5
10024 - 3 5
10029 - 3 -1
10033 - 3 -1
10034 - 3 -1
10035 - 7 -1
10037 - 4 6
10039 - 0 8
10041 - 7 -1
10043 - 4 6
10045 - 0 8
10047 - 7 -1
10049 - 4 6
10051 - 0 8
10053 - 4 6
10055 - 7 -1
10057 - 4 6
10059 - 7 -1
10061 - 4 6
10063 - 7 -1
10065 - 4 6
10067 - 7 -1
10069 - 1 -1
10071 - 1 -1
10073 - 1 -1
10074 - 1 -1
10075 - 9 -1
10077 - 9 -1
10079 - 9 -1
10081 - 9 -1
10083 - 9 -1
10085 - 9 -1
10129 - 3 -1
10131 - 3 -1
10132 - 2 -1
10142 - 13 -1
10143 - 13 -1
10144 - 13 -1
10145 - 13 -1
10146 - 3 5
10147 - 3 5
10148 - 3 5
10149 - 3 5
10150 - 3 5
10152 - 3 5
10153 - 3 5
10154 - 3 5
10155 - 3 5
10156 - 3 -1
10158 - 13 -1
10159 - 13 -1
10171 - 1 -1
10172 - 0 -1
10280 - 3 5
10282 - 3 5
10284 - 3 5
10286 - 0 8
10288 - 0 8
10290 - 0 8
10292 - 0 8
10294 - 0 8
10296 - 0 8
10298 - 0 8
10300 - 0 8
10302 - 0 8
10304 - 0 8
10306 - 0 8
10308 - 0 8
10310 - 0 8
10312 - 0 8
10314 - 0 8
10316 - 4 6
10318 - 4 6
10320 - 4 6
10322 - 4 6
10324 - 4 6
10330 - 4 6
10332 - 7 -1
10334 - 0 8
10336 - 9 -1
10338 - 4 6
10340 - 7 -1
10342 - 0 8
10344 - 2 -1
10346 - 7 -1
10348 - 4 6
10350 - 0 8
10352 - 5 -1
10354 - 2 -1
10356 - 2 -1
10358 - 2 -1
10360 - 2 -1
10362 - 2 -1
10364 - 2 -1
10366 - 2 -1
10368 - 9 -1
10370 - 4 6
10372 - 7 -1
10374 - 0 8
10376 - 9 -1
10378 - 4 6
10380 - 7 -1
10382 - 0 8
10384 - 9 -1
10386 - 4 6
10388 - 7 -1
10390 - 0 8
10392 - 0 8
10394 - 7 -1
10396 - 7 -1
10398 - 0 8
10400 - 4 6
10402 - 7 -1
10404 - 4 6
10406 - 7 -1
10408 - 4 6
10410 - 7 -1
10412 - 4 6
10414 - 7 -1
10416 - 4 6
10418 - 7 -1
10420 - 4 6
10422 - 7 -1
10424 - 4 6
10426 - 7 -1
10428 - 4 6
10430 - 7 -1
10432 - 4 6
10434 - 7 -1
10436 - 4 6
10438 - 7 -1
10440 - 3 -1
10442 - 3 -1
10444 - 3 -1
10446 - 1 -1
10448 - 1 -1
10450 - 1 -1
10452 - 0 8
10454 - 0 8
10456 - 0 8
10458 - 4 6
10460 - 4 6
10462 - 4 6
10464 - 7 -1
10466 - 7 -1
10468 - 7 -1
10470 - 2 -1
10472 - 2 -1
10474 - 2 -1
10484 - 3 5
10485 - 3 -1
10487 - 3 -1
10488 - 3 -1
10491 - 3 -1
10498 - 1 -1
10499 - 1 -1
10500 - 2 -1
10501 - 3 -1
10507 - 0 8
10547 - 0 8
10548 - 0 8
10549 - 0 -1
10550 - 0 -1
10551 - 4 6
10552 - 10 -1
10553 - 9 -1
10554 - 9 -1
10555 - 7 -1
10556 - 1 -1
10557 - 1 -1
10558 - 1 -1
10559 - 1 -1
10564 - 4 6
10566 - 1 -1
10567 - 2 -1
10569 - 2 -1
10571 - 2 -1
10573 - 2 -1
10575 - 2 -1
10577 - 2 -1
10579 - 2 -1
10581 - 3 -1
10582 - 3 -1
10583 - 3 -1
10584 - 3 -1
10588 - 2 -1
10589 - 0 8
10601 - 0 -1
10602 - 0 -1
10603 - 0 -1
10604 - 0 8
10605 - 4 6
10606 - 0 -1
10607 - 10 -1
10608 - 0 -1
10609 - 0 8
10610 - 4 6
10611 - 4 6
10612 - 0 8
10613 - 0 8
10614 - 0 8
10615 - 0 -1
10616 - 0 -1
10617 - 0 -1
10618 - 4 6
10619 - 4 6
10620 - 4 6
10621 - 4 6
10622 - 4 6
10623 - 4 6
10624 - 4 6
10625 - 4 6
10626 - 4 6
10627 - 4 6
10628 - 4 6
10629 - 0 11
10630 - 4 6
10631 - 4 -1
10632 - 4 6
10633 - 4 6
10634 - 4 6
10635 - 1 -1
10636 - 1 -1
10637 - 1 -1
10638 - 1 -1
10639 - 1 -1
10640 - 1 -1
10641 - 1 -1
10642 - 1 -1
10643 - 1 -1
10644 - 1 -1
10645 - 1 -1
10646 - 1 -1
10647 - 1 -1
10648 - 1 -1
10649 - 1 -1
10650 - 1 -1
10651 - 1 -1
10652 - 1 -1
10653 - 1 -1
10654 - 1 -1
10655 - 1 -1
10656 - 1 -1
10657 - 1 -1
10658 - 1 -1
10659 - 1 -1
10660 - 1 -1
10661 - 1 -1
10662 - 1 -1
10663 - 1 -1
10664 - 1 -1
10665 - 5 -1
10666 - 5 -1
10667 - 5 -1
10668 - 5 -1
10669 - 5 -1
10670 - 5 -1
10671 - 5 -1
10672 - 5 -1
10673 - 5 -1
10674 - 5 -1
10675 - 5 -1
10676 - 5 -1
10677 - 5 -1
10678 - 5 -1
10679 - 5 -1
10680 - 4 -1
10681 - 4 -1
10682 - 4 -1
10683 - 4 -1
10684 - 4 -1
10685 - 4 -1
10686 - 4 6
10687 - 4 6
10688 - 4 6
10689 - 10 -1
10690 - 4 6
10691 - 4 6
10692 - 0 -1
10693 - 0 -1
10694 - 0 -1
10695 - 0 -1
10696 - 10 -1
10697 - 4 6
10698 - 4 6
10699 - 0 8
10700 - 0 8
10701 - 0 8
10702 - 0 8
10703 - 0 8
10704 - 0 8
10705 - 0 8
10706 - 0 8
10707 - 0 8
10708 - 0 8
10709 - 0 8
10710 - 0 8
10711 - 0 8
10712 - 0 8
10713 - 0 8
10714 - 4 6
10715 - 4 6
10716 - 4 6
10717 - 4 6
10718 - 4 6
10719 - 2 -1
10720 - 1 -1
10721 - 0 8
10723 - 0 8
10724 - 10 -1
10725 - 9 -1
10726 - 7 -1
10727 - 4 6
10728 - 0 8
10732 - 3 -1
10734 - 0 -1
10735 - 3 5
10736 - 2 -1
10738 - 2 -1
10740 - 0 8
10742 - 7 -1
10744 - 7 -1
10746 - 0 8
10748 - 4 6
10750 - 4 6
10752 - 4 6
10754 - 4 6
10756 - 4 6
10758 - 0 -1
10760 - 0 -1
10762 - 0 -1
10764 - 0 -1
10766 - 0 -1
10768 - 0 -1
10770 - 0 -1
10772 - 0 -1
10774 - 0 -1
10776 - 4 6
10778 - 4 6
10780 - 4 6
10782 - 4 6
10784 - 4 6
10786 - 4 6
10788 - 4 6
10790 - 4 6
10792 - 4 6
10794 - 4 6
10796 - 0 -1
10798 - 4 6
10800 - 4 6
10802 - 0 -1
10804 - 0 -1
10806 - 0 -1
10810 - 5 -1
10822 - 4 6
10824 - 7 -1
10826 - 5 -1
10828 - 0 8
10836 - 0 -1
10837 - 4 6
10838 - 7 -1
10839 - 10 -1
10840 - 3 -1
10858 - 3 5
10862 - 0 -1
10863 - 4 6
10864 - 7 -1
10865 - 10 -1
10877 - 5 -1
10878 - 5 -1
10879 - 5 -1
10880 - 5 -1
10881 - 5 -1
10882 - 5 -1
10883 - 0 -1
10887 - 3 5
10933 - 10 -1
10939 - 4 6
10940 - 7 -1
10941 - 0 8
10945 - 4 6
10954 - 4 6
10956 - 7 -1
10958 - 10 -1
11012 - 3 -1
11013 - 3 -1
11014 - 12 -1
11015 - 0 8
11016 - 10 -1
11017 - 4 6
11018 - 7 -1
11019 - 10 -1
11020 - 4 6
11021 - 0 8
11022 - 7 -1
11027 - 3 -1
11028 - 3 -1
11029 - 3 -1
11030 - 3 -1
11037 - 3 -1
11061 - 3 -1
11063 - 3 -1
11068 - 9 -1
11069 - 9 -1
11071 - 9 -1
11072 - 9 -1
11074 - 9 -1
11076 - 9 -1
11078 - 9 -1
11079 - 9 -1
11081 - 9 -1
11083 - 9 -1
11085 - 9 -1
11087 - 9 -1
11088 - 9 -1
11090 - 2 -1
11092 - 9 -1
11094 - 9 -1
11095 - 9 -1
11097 - 9 -1
11099 - 9 -1
11101 - 9 -1
11103 - 9 -1
11105 - 2 -1
11107 - 2 -1
11109 - 2 -1
11111 - 2 -1
11113 - 2 -1
11115 - 9 -1
11117 - 9 -1
11118 - 9 -1
11120 - 9 -1
11122 - 9 -1
11124 - 9 -1
11126 - 9 -1
11128 - 2 -1
11130 - 9 -1
11132 - 9 -1
11133 - 9 -1
11135 - 4 6
11136 - 9 -1
11138 - 9 -1
11140 - 9 -1
11165 - 3 -1
11167 - 3 -1
11190 - 2 -1
11191 - 2 -1
11192 - 2 -1
11193 - 2 -1
11194 - 2 -1
11195 - 2 -1
11200 - 0 8
11204 - 3 -1
11212 - 13 -1
11217 - 13 -1
11222 - 13 -1
11227 - 13 -1
11228 - 13 -1
11229 - 13 -1
11230 - 3 -1
11231 - 3 -1
11233 - 3 -1
11234 - 3 -1
11235 - 3 5
11259 - 3 -1
11274 - 4 6
11277 - 8 -1
11278 - 0 -1
11279 - 3 -1
11280 - 0 8
11282 - 0 8
11283 - 5 -1
11284 - 5 -1
11335 - 0 8
11367 - 3 -1
11369 - 3 -1
11371 - 3 -1
11373 - 3 -1
11375 - 3 -1
11377 - 3 -1
11379 - 3 -1
11381 - 3 -1
11382 - 3 -1
11384 - 3 -1
11386 - 3 -1
11388 - 3 -1
11389 - 3 -1
11391 - 3 -1
11393 - 3 -1
11395 - 3 -1
11396 - 3 -1
11398 - 3 -1
11400 - 3 -1
11402 - 3 -1
11403 - 3 -1
11405 - 3 -1
11407 - 3 -1
11409 - 3 -1
11410 - 3 -1
11412 - 3 -1
11414 - 3 -1
11416 - 3 -1
11417 - 3 -1
11419 - 3 -1
11663 - 0 8
11664 - 0 -1
11665 - 0 8
11666 - 2 -1
11667 - 2 -1
11668 - 2 -1
11669 - 2 -1
11670 - 2 -1
11671 - 2 -1
11672 - 2 -1
11673 - 2 -1
11674 - 0 8
11675 - 0 8
11676 - 0 8
11694 - 3 5
11696 - 3 5
11698 - 3 5
11700 - 3 5
11716 - 3 5
11718 - 0 8
11720 - 4 6
11722 - 7 -1
11724 - 4 6
11726 - 7 -1
11728 - 10 -1
11730 - 3 5
11732 - 10 -1
11736 - 3 -1
11738 - 3 -1
11749 - 3 5
11756 - 4 6
11757 - 4 6
11758 - 4 6
11789 - 0 8
11790 - 0 8
11791 - 4 -1
11809 - 5 -1
11949 - 3 -1
11950 - 3 -1
11951 - 3 -1
11969 - 0 -1
12169 - 1 -1
12170 - 1 -1
12171 - 0 8
12202 - 5 -1
12204 - 0 8
12206 - 0 8
12207 - 0 8
12209 - 0 8
12210 - 0 -1
12212 - 0 -1
12213 - 0 -1
12215 - 0 -1
12216 - 0 -1
12218 - 0 -1
12219 - 0 -1
12221 - 0 -1
12222 - 0 -1
12224 - 0 -1
12524 - 1 -1
12558 - 0 -1
12559 - 0 8
12561 - 7 -1
12563 - 4 6
12565 - 10 -1
12568 - 0 8
12570 - 3 -1
12578 - 3 -1
12579 - 3 -1
12580 - 3 -1
12581 - 5 -1
12595 - 0 -1
12607 - 5 -1
12608 - 2 -1
12610 - 2 -1
12612 - 2 -1
12614 - 2 -1
12616 - 2 -1
12618 - 2 -1
12620 - 2 -1
12622 - 2 -1
12629 - 9 -1
12634 - 1 -1
12645 - 1 -1
12655 - 3 -1
12658 - 0 8
12659 - 0 8
12660 - 0 8
12661 - 0 8
12662 - 0 8
12663 - 0 8
12664 - 0 8
12665 - 0 8
12666 - 0 8
12667 - 0 8
12668 - 0 8
12669 - 0 8
12670 - 0 8
12671 - 0 8
12672 - 0 8
12673 - 0 8
12674 - 0 8
12675 - 0 8
12676 - 0 8
12677 - 0 8
12678 - 0 8
12679 - 0 8
12680 - 0 8
12681 - 0 8
12842 - 1 -1
12844 - 3 -1
12845 - 3 5
12846 - 3 5
12847 - 3 5
12848 - 3 5
12849 - 3 5
12856 - 9 -1
12857 - 9 -1
12858 - 9 -1
12859 - 9 -1
12860 - 9 -1
12861 - 9 -1
12862 - 9 -1
12863 - 9 -1
12864 - 9 -1
12865 - 9 -1
12866 - 0 8
12867 - 0 8
12868 - 0 8
12869 - 0 8
12870 - 0 8
12871 - 0 8
12873 - 4 6
12874 - 4 6
12875 - 4 6
12876 - 4 6
12877 - 4 6
12878 - 4 6
12880 - 7 -1
12881 - 7 -1
12882 - 7 -1
12883 - 7 -1
12884 - 7 -1
12885 - 7 -1
12887 - 0 8
12888 - 0 8
12889 - 0 8
12890 - 0 8
12891 - 0 8
12892 - 0 8
12894 - 4 6
12895 - 4 6
12896 - 4 6
12897 - 4 6
12898 - 4 6
12899 - 4 6
12901 - 7 -1
12902 - 7 -1
12903 - 7 -1
12904 - 7 -1
12905 - 7 -1
12906 - 7 -1
12908 - 5 -1
12909 - 5 -1
12910 - 5 -1
12911 - 5 -1
12912 - 5 -1
12913 - 5 -1
12915 - 5 -1
12916 - 5 -1
12917 - 5 -1
12918 - 5 -1
12919 - 5 -1
12920 - 5 -1
12922 - 5 -1
12923 - 5 -1
12924 - 5 -1
12925 - 5 -1
12926 - 5 -1
12927 - 5 -1
12929 - 5 -1
12930 - 5 -1
12931 - 5 -1
12932 - 5 -1
12933 - 5 -1
12934 - 5 -1
12936 - 0 8
12937 - 0 8
12938 - 0 8
12939 - 0 8
12940 - 0 8
12941 - 0 8
12943 - 0 8
12944 - 0 8
12945 - 0 8
12946 - 0 8
12947 - 0 8
12948 - 0 8
12950 - 0 8
12951 - 0 8
12952 - 0 8
12953 - 0 8
12954 - 0 8
12955 - 0 8
12957 - 0 8
12958 - 0 8
12959 - 0 8
12960 - 0 8
12961 - 0 8
12962 - 0 8
12964 - 0 8
12965 - 0 8
12966 - 0 8
12967 - 0 8
12968 - 0 8
12969 - 0 8
12971 - 4 6
12972 - 4 6
12973 - 4 6
12974 - 4 6
12975 - 4 6
12976 - 4 6
12978 - 7 -1
12979 - 7 -1
12980 - 7 -1
12981 - 7 -1
12982 - 7 -1
12983 - 7 -1
12985 - 9 -1
12986 - 9 -1
12988 - 9 -1
12989 - 9 -1
12991 - 9 -1
12992 - 9 -1
12994 - 9 -1
12995 - 9 -1
12997 - 9 -1
12998 - 9 -1
13000 - 9 -1
13001 - 9 -1
13003 - 9 -1
13004 - 9 -1
13006 - 9 -1
13007 - 9 -1
13081 - 3 -1
13083 - 13 -1
13084 - 13 -1
13085 - 13 -1
13086 - 13 -1
13095 - 3 -1
13097 - 3 -1
13099 - 3 -1
13101 - 0 -1
13103 - 0 -1
13105 - 0 8
13107 - 0 8
13109 - 0 8
13111 - 0 8
13113 - 0 8
13115 - 0 8
13117 - 3 5
13118 - 3 5
13119 - 3 5
13120 - 3 5
13121 - 3 5
13122 - 3 5
13123 - 3 5
13124 - 3 5
13125 - 3 5
13126 - 3 5
13127 - 3 5
13128 - 3 5
13129 - 3 5
13130 - 3 5
13131 - 3 5
13132 - 3 5
13133 - 3 5
13134 - 3 5
13135 - 3 5
13136 - 3 5
13137 - 3 5
13138 - 3 5
13139 - 3 5
13140 - 3 5
13141 - 3 5
13142 - 3 5
13143 - 3 5
13144 - 3 5
13145 - 3 5
13146 - 3 5
13155 - 3 -1
13156 - 3 -1
13163 - 3 -1
13164 - 3 -1
13165 - 3 -1
13166 - 0 8
13167 - 0 8
13168 - 0 8
13169 - 0 8
13170 - 0 8
13171 - 0 8
13172 - 0 8
13173 - 0 8
13174 - 7 -1
13175 - 7 -1
13176 - 7 -1
13177 - 7 -1
13178 - 7 -1
13179 - 7 -1
13180 - 7 -1
13181 - 4 6
13182 - 4 6
13183 - 4 6
13184 - 4 6
13185 - 4 6
13186 - 4 6
13187 - 4 6
13188 - 0 8
13189 - 0 8
13190 - 0 8
13191 - 0 8
13192 - 0 8
13193 - 0 8
13194 - 0 8
13230 - 3 -1
13231 - 3 -1
13237 - 5 -1
13240 - 5 -1
13263 - 0 8
13264 - 13 -1
13265 - 13 -1
13266 - 13 -1
13267 - 13 -1
13268 - 13 -1
13269 - 13 -1
13270 - 13 -1
13271 - 13 -1
13272 - 13 -1
13273 - 13 -1
13274 - 13 -1
13275 - 13 -1
13277 - 0 -1
13280 - 13 -1
13281 - 12 -1
13282 - 12 -1
13283 - 12 -1
13284 - 12 -1
13285 - 12 -1
13286 - 12 -1
13287 - 12 -1
13288 - 12 -1
13289 - 3 -1
13290 - 3 -1
13297 - 4 6
13298 - 7 -1
13299 - 0 -1
13306 - 3 -1
13316 - 4 6
13317 - 7 -1
13318 - 4 6
13319 - 3 -1
13320 - 3 -1
13326 - 3 -1
13339 - 0 8
13340 - 0 8
13341 - 0 8
13342 - 0 8
13343 - 0 8
13344 - 0 8
13345 - 0 8
13346 - 0 8
13347 - 0 8
13348 - 0 8
13349 - 0 8
13350 - 0 8
13351 - 0 8
13352 - 0 8
13353 - 0 -1
13354 - 0 8
13355 - 0 -1
13357 - 0 8
13358 - 4 -1
13360 - 4 -1
13362 - 4 -1
13364 - 7 -1
13366 - 7 -1
13368 - 7 -1
13370 - 0 8
13372 - 0 8
13374 - 0 8
13376 - 0 8
13377 - 0 8
13378 - 0 8
13396 - 0 11
13397 - 0 -1
13398 - 0 -1
13399 - 0 8
13400 - 0 8
13404 - 3 -1
13405 - 3 5
13406 - 3 -1
13407 - 0 8
13408 - 0 8
13409 - 0 8
13410 - 0 8
13411 - 0 8
13412 - 4 6
13413 - 7 -1
13414 - 0 8
13415 - 4 6
13416 - 7 -1
13417 - 0 8
13418 - 4 6
13419 - 7 -1
13420 - 10 -1
13421 - 10 -1
13422 - 10 -1
13423 - 9 -1
13424 - 9 -1
13425 - 9 -1
13426 - 12 -1
13427 - 12 -1
13428 - 12 -1
13429 - 12 -1
13430 - 3 5
13441 - 3 -1
13442 - 2 -1
13443 - 1 -1
13444 - 3 -1
13445 - 3 5
13449 - 0 8
13450 - 3 5
13451 - 3 5
13452 - 3 5
13453 - 3 5
13454 - 3 5
13455 - 0 8
13456 - 4 6
13457 - 7 -1
13458 - 4 6
13459 - 7 -1
13460 - 10 -1
13461 - 3 5
13462 - 10 -1
13465 - 3 -1
13466 - 3 -1
13467 - 3 -1
13468 - 3 -1
13469 - 3 -1
13470 - 3 -1
13471 - 3 -1
13472 - 3 -1
13473 - 3 -1
13474 - 3 -1
13475 - 3 -1
13476 - 3 -1
13477 - 3 -1
13478 - 3 5
13479 - 3 -1
13480 - 3 -1
13481 - 4 6
13482 - 4 6
13483 - 4 6
13484 - 4 6
13485 - 4 6
13486 - 4 6
13487 - 7 -1
13488 - 7 -1
13489 - 7 -1
13490 - 7 -1
13491 - 7 -1
13492 - 7 -1
13493 - 7 -1
13494 - 7 -1
13495 - 0 8
13496 - 0 8
13497 - 9 -1
13498 - 9 -1
13499 - 9 -1
13500 - 9 -1
13501 - 0 -1
13502 - 4 6
13503 - 7 -1
13504 - 9 -1
13505 - 10 -1
13506 - 5 -1
13507 - 5 -1
13508 - 0 8
13509 - 4 6
13510 - 7 -1
13511 - 9 -1
13512 - 10 -1
13513 - 0 8
13514 - 4 6
13515 - 7 -1
13516 - 9 -1
13517 - 10 -1
13518 - 0 8
13519 - 4 6
13520 - 7 -1
13521 - 9 -1
13522 - 10 -1
13523 - 3 5
13524 - 3 5
13525 - 3 5
13526 - 3 5
13527 - 3 5
13528 - 3 5
13529 - 3 5
13530 - 3 -1
13531 - 0 -1
13532 - 0 -1
13533 - 0 -1
13534 - 0 -1
13535 - 0 -1
13536 - 0 -1
13537 - 0 -1
13538 - 0 8
13539 - 0 8
13540 - 0 8
13541 - 3 5
13542 - 3 5
13543 - 3 5
13544 - 4 6
13545 - 7 -1
13546 - 0 8
13547 - 9 -1
13548 - 4 6
13549 - 7 -1
13550 - 0 8
13551 - 2 -1
13552 - 7 -1
13553 - 4 6
13554 - 0 8
13555 - 5 -1
13556 - 10 -1
13557 - 10 -1
13558 - 0 -1
13559 - 3 -1
13560 - 12 -1
13561 - 12 -1
13562 - 12 -1
13566 - 12 -1
13594 - 3 -1
13595 - 3 -1
13596 - 5 -1
13597 - 5 -1
13612 - 0 -1
13613 - 0 -1
13614 - 4 6
13615 - 0 -1
13616 - 0 -1
13617 - 7 -1
13618 - 9 -1
13619 - 4 6
13620 - 0 -1
13621 - 0 -1
13622 - 7 -1
13623 - 9 -1
13624 - 4 6
13625 - 0 -1
13626 - 0 -1
13627 - 7 -1
13628 - 9 -1
13630 - 3 -1
13631 - 3 -1
13632 - 3 -1
13633 - 3 -1
13634 - 3 -1
13635 - 3 -1
13636 - 3 -1
13637 - 3 -1
13638 - 3 -1
13639 - 3 -1
13640 - 3 -1
13641 - 3 -1
13642 - 3 -1
13643 - 3 -1
13644 - 3 -1
13645 - 3 -1
13646 - 3 -1
13647 - 3 -1
13648 - 3 -1
13655 - 0 -1
13656 - 0 -1
13657 - 0 -1
13658 - 0 -1
13659 - 12 -1
13660 - 9 -1
13661 - 3 -1
13663 - 3 -1
13664 - 5 -1
13665 - 3 -1
13666 - 3 5
13667 - 0 8
13668 - 4 6
13669 - 7 -1
13670 - 10 -1
13671 - 3 -1
13672 - 0 -1
13673 - 4 6
13674 - 7 -1
13675 - 10 -1
13676 - 3 -1
13677 - 4 6
13678 - 7 -1
13679 - 10 -1
13680 - 0 8
13681 - 4 6
13682 - 7 -1
13683 - 10 -1
13684 - 0 8
13685 - 0 -1
13686 - 0 -1
13687 - 0 -1
13688 - 0 8
13689 - 0 8
13690 - 0 8
13691 - 4 6
13692 - 4 6
13693 - 4 6
13694 - 4 6
13695 - 4 6
13696 - 4 6
13697 - 7 -1
13698 - 7 -1
13699 - 7 -1
13700 - 7 -1
13701 - 7 -1
13702 - 7 -1
13703 - 10 -1
13704 - 10 -1
13705 - 10 -1
13706 - 10 -1
13709 - 3 -1
13710 - 3 -1
13711 - 3 -1
13712 - 3 -1
13713 - 3 -1
13714 - 3 -1
13715 - 3 -1
13716 - 3 -1
13717 - 3 -1
13718 - 3 -1
13719 - 3 5
13720 - 3 -1
13721 - 3 -1
13722 - 13 -1
13734 - 5 -1
13736 - 5 -1
13738 - 5 -1
13740 - 5 -1
13742 - 5 -1
13744 - 5 -1
13763 - 0 8
13764 - 3 5
13765 - 3 -1
13766 - 3 -1
13767 - 3 -1
13768 - 3 -1
13769 - 3 5
13770 - 3 5
13771 - 3 5
13772 - 3 5
13773 - 3 5
13774 - 3 5
13775 - 3 5
13776 - 3 5
13777 - 3 -1
13778 - 3 5
13779 - 3 5
13780 - 3 -1
13781 - 4 6
13782 - 10 -1
13783 - 0 8
13784 - 0 8
13785 - 4 6
13786 - 7 -1
13787 - 5 -1
13788 - 5 -1
13789 - 0 8
13790 - 7 -1
13791 - 7 -1
13792 - 0 8
13793 - 3 -1
13794 - 0 -1
13795 - 0 8
13796 - 0 8
13797 - 0 8
13798 - 0 8
13799 - 0 8
13800 - 4 6
13801 - 7 -1
13802 - 7 -1
13803 - 0 8
13804 - 5 -1
13805 - 4 6
13806 - 7 -1
13807 - 7 -1
13808 - 0 8
13809 - 5 -1
13810 - 0 -1
13811 - 0 -1
13812 - 0 -1
13813 - 0 -1
13814 - 0 -1
13815 - 0 -1
13816 - 0 -1
13817 - 0 -1
13818 - 0 -1
13819 - 0 -1
13820 - 4 6
13821 - 7 -1
13822 - 7 -1
13823 - 0 8
13824 - 5 -1
13825 - 4 6
13826 - 7 -1
13827 - 7 -1
13828 - 0 8
13829 - 5 -1
13830 - 4 6
13831 - 7 -1
13832 - 7 -1
13833 - 0 8
13834 - 5 -1
13835 - 4 6
13836 - 7 -1
13837 - 7 -1
13838 - 0 8
13839 - 5 -1
13845 - 9 -1
13846 - 9 -1
13847 - 9 -1
13848 - 9 -1
13849 - 9 -1
13850 - 9 -1
13851 - 9 -1
13852 - 9 -1
13853 - 9 -1
13854 - 9 -1
13855 - 9 -1
13856 - 9 -1
13857 - 9 -1
13858 - 4 6
13860 - 4 6
13861 - 7 -1
13863 - 7 -1
13864 - 0 8
13866 - 0 8
13867 - 3 -1
13869 - 3 -1
13870 - 4 6
13872 - 4 6
13873 - 7 -1
13875 - 7 -1
13876 - 0 8
13878 - 0 8
13879 - 3 -1
13880 - 3 -1
13881 - 3 -1
13882 - 3 -1
13883 - 3 -1
13884 - 4 6
13886 - 4 6
13887 - 4 6
13889 - 4 6
13890 - 7 -1
13892 - 7 -1
13893 - 7 -1
13895 - 7 -1
13896 - 0 8
13898 - 0 8
13899 - 3 -1
13901 - 3 -1
13902 - 3 -1
13904 - 3 -1
13905 - 3 5
13907 - 3 5
13908 - 4 6
13910 - 4 6
13911 - 4 6
13913 - 4 6
13914 - 7 -1
13916 - 7 -1
13917 - 7 -1
13919 - 7 -1
13920 - 0 8
13922 - 0 8
13923 - 3 -1
13925 - 3 -1
13926 - 3 -1
13928 - 3 -1
13929 - 3 5
13931 - 3 5
13932 - 4 6
13934 - 4 6
13935 - 7 -1
13937 - 7 -1
13938 - 0 8
13940 - 0 8
13941 - 3 -1
13943 - 3 -1
13944 - 4 6
13946 - 4 6
13947 - 7 -1
13949 - 7 -1
13950 - 0 8
13952 - 0 8
13953 - 3 -1
13954 - 3 -1
13955 - 3 -1
13956 - 3 -1
13957 - 3 -1
13958 - 4 6
13960 - 4 6
13961 - 0 8
13963 - 0 8
13964 - 5 -1
13966 - 5 -1
13967 - 7 -1
13969 - 7 -1
13970 - 7 -1
13972 - 7 -1
13973 - 3 -1
13975 - 3 -1
13976 - 3 -1
13978 - 3 -1
13979 - 3 -1
13981 - 3 -1
13982 - 3 -1
13984 - 3 -1
13985 - 3 -1
13987 - 3 -1
13988 - 3 5
13990 - 3 5
14057 - 3 -1
14058 - 3 -1
14059 - 3 -1
14060 - 3 -1
14063 - 3 -1
14064 - 3 -1
14076 - 4 6
14077 - 7 -1
14078 - 4 6
14079 - 7 -1
14080 - 1 -1
14081 - 1 -1
14086 - 4 6
14087 - 7 -1
14088 - 1 -1
14094 - 4 6
14095 - 7 -1
14096 - 0 8
14097 - 3 -1
14099 - 3 -1
14100 - 3 -1
14101 - 3 -1
14102 - 3 -1
14103 - 3 -1
14104 - 3 -1
14107 - 3 -1
14108 - 3 -1
14109 - 3 -1
14110 - 3 -1
14111 - 3 -1
14112 - 3 -1
14114 - 4 6
14115 - 7 -1
14116 - 0 -1
14117 - 3 -1
14118 - 4 6
14119 - 7 -1
14120 - 0 8
14121 - 3 5
14122 - 3 -1
14124 - 3 -1
14126 - 3 -1
14128 - 3 -1
14130 - 3 -1
14132 - 3 -1
14134 - 3 -1
14136 - 3 -1
14138 - 3 -1
14140 - 3 -1
14142 - 3 -1
14144 - 3 -1
14146 - 3 -1
14148 - 3 -1
14150 - 3 -1
14152 - 3 -1
14154 - 3 -1
14156 - 3 -1
14158 - 3 -1
14160 - 3 -1
14192 - 3 5
14194 - 3 5
14196 - 3 5
14198 - 3 5
14200 - 3 5
14202 - 13 -1
14203 - 13 -1
14204 - 13 -1
14205 - 13 -1
14206 - 13 -1
14287 - 3 -1
14289 - 3 -1
14291 - 3 -1
14293 - 3 -1
14295 - 3 -1
14297 - 3 -1
14299 - 3 -1
14301 - 3 -1
14303 - 3 -1
14305 - 3 -1
14307 - 3 -1
14309 - 3 -1
14311 - 3 -1
14313 - 3 -1
14315 - 3 -1
14317 - 4 6
14319 - 4 6
14321 - 4 6
14323 - 4 6
14325 - 4 6
14327 - 7 -1
14329 - 7 -1
14331 - 7 -1
14333 - 7 -1
14335 - 7 -1
14337 - 0 -1
14339 - 0 -1
14341 - 0 -1
14343 - 0 -1
14345 - 0 -1
14347 - 4 6
14349 - 4 6
14351 - 4 6
14353 - 4 6
14355 - 4 6
14357 - 7 -1
14359 - 7 -1
14361 - 7 -1
14363 - 7 -1
14365 - 7 -1
14367 - 0 8
14369 - 0 8
14371 - 0 8
14373 - 0 8
14375 - 0 8
14377 - 3 -1
14379 - 3 -1
14381 - 3 -1
14383 - 3 -1
14385 - 3 -1
14387 - 1 -1
14389 - 1 -1
14391 - 4 6
14393 - 4 6
14395 - 4 6
14397 - 4 6
14399 - 4 6
14401 - 7 -1
14403 - 7 -1
14405 - 7 -1
14407 - 7 -1
14409 - 7 -1
14411 - 0 8
14413 - 0 8
14415 - 0 8
14417 - 0 8
14419 - 0 8
14433 - 13 -1
14434 - 13 -1
14435 - 13 -1
14436 - 13 -1
14437 - 13 -1
14438 - 13 -1
14439 - 13 -1
14440 - 13 -1
14441 - 13 -1
14442 - 13 -1
14443 - 13 -1
14444 - 13 -1
14445 - 13 -1
14446 - 13 -1
14447 - 13 -1
14448 - 13 -1
14449 - 13 -1
14450 - 13 -1
14451 - 13 -1
14452 - 13 -1
14453 - 13 -1
14454 - 13 -1
14455 - 13 -1
14456 - 13 -1
14457 - 13 -1
14460 - 3 -1
14478 - 3 -1
14479 - 4 6
14481 - 4 6
14482 - 5 -1
14483 - 3 -1
14484 - 3 5
14486 - 3 5
14490 - 7 -1
14492 - 4 6
14494 - 0 8
14497 - 4 6
14499 - 0 -1
14501 - 7 -1
14505 - 5 -1
14545 - 13 -1
14546 - 13 -1
14547 - 13 -1
14548 - 13 -1
14549 - 13 -1
14550 - 13 -1
14551 - 13 -1
14552 - 13 -1
14553 - 13 -1
14554 - 13 -1
14555 - 13 -1
14556 - 13 -1
14557 - 13 -1
14558 - 13 -1
14559 - 13 -1
14560 - 13 -1
14561 - 13 -1
14562 - 13 -1
14563 - 13 -1
14564 - 13 -1
14565 - 13 -1
14566 - 13 -1
14567 - 13 -1
14568 - 13 -1
14569 - 13 -1
14571 - 10 -1
14572 - 10 -1
14573 - 10 -1
14577 - 5 -1
14578 - 5 -1
14579 - 5 -1
14590 - 3 -1
14591 - 3 -1
14592 - 7 -1
14593 - 4 6
14594 - 0 8
14595 - 4 6
14596 - 2 -1
14599 - 2 -1
14600 - 4 6
14601 - 4 6
14602 - 9 -1
14603 - 7 -1
14604 - 7 -1
14605 - 10 -1
14628 - 3 -1
14631 - 0 -1
14632 - 3 -1
14636 - 0 8
14637 - 0 8
14641 - 1 -1
14642 - 1 -1
14645 - 1 -1
14662 - 0 -1
14663 - 0 -1
14679 - 3 -1
14681 - 3 -1
14684 - 3 -1
14686 - 3 -1
14712 - 3 -1
14713 - 3 -1
14725 - 3 -1
14728 - 3 5
14729 - 7 -1
14730 - 4 6
14731 - 0 8
14732 - 4 6
14733 - 0 -1
14734 - 7 -1
14736 - 3 -1
14737 - 3 -1
14742 - 3 -1
14743 - 0 8
14745 - 0 8
14747 - 0 8
14749 - 0 8
14751 - 0 8
14753 - 0 8
14755 - 0 8
14757 - 0 8
14759 - 0 8
14761 - 0 8
14763 - 0 8
14765 - 0 8
14767 - 0 8
14769 - 0 8
14771 - 0 8
14773 - 0 8
14775 - 0 8
14777 - 0 8
14779 - 0 8
14781 - 0 8
14783 - 0 8
14785 - 0 8
14787 - 0 8
14789 - 0 8
14791 - 0 8
14823 - 0 8
14824 - 0 8
14825 - 0 8
14826 - 0 8
14835 - 3 5
14936 - 4 6
14937 - 4 6
14938 - 7 -1
14939 - 7 -1
15005 - 3 -1
15006 - 3 -1
15007 - 3 -1
15008 - 3 -1
15009 - 12 -1
15010 - 12 -1
15011 - 12 -1
15012 - 12 -1
15013 - 12 -1
15014 - 12 -1
15015 - 12 -1
15016 - 12 -1
15017 - 12 -1
15018 - 12 -1
15019 - 12 -1
15020 - 12 -1
15021 - 0 -1
15022 - 4 6
15023 - 7 -1
15024 - 7 -1
15025 - 10 -1
15026 - 9 -1
15027 - 0 -1
15028 - 4 6
15029 - 7 -1
15030 - 7 -1
15031 - 10 -1
15032 - 9 -1
15033 - 0 -1
15034 - 4 6
15035 - 7 -1
15036 - 7 -1
15037 - 10 -1
15038 - 9 -1
15039 - 0 -1
15040 - 4 6
15041 - 7 -1
15042 - 7 -1
15043 - 10 -1
15044 - 9 -1
15046 - 3 -1
15048 - 3 -1
15050 - 3 -1
15052 - 3 -1
15054 - 3 -1
15061 - 3 -1
15063 - 3 -1
15064 - 3 -1
15065 - 10 -1
15067 - 3 -1
15069 - 0 -1
15071 - 0 -1
15073 - 3 -1
15078 - 12 -1
15080 - 12 -1
15082 - 12 -1
15126 - 2 -1
15214 - 0 -1
15215 - 1 -1
15220 - 12 -1
15241 - 3 5
15243 - 13 -1
15253 - 3 -1
15255 - 7 -1
15256 - 7 -1
15257 - 7 -1
15259 - 3 -1
15261 - 3 -1
15276 - 3 -1
15277 - 3 -1
15281 - 3 -1
15298 - 3 -1
15336 - 0 -1
15337 - 0 -1
15338 - 0 -1
15339 - 0 -1
15345 - 1 -1
15347 - 1 -1
15349 - 1 -1
15352 - 1 -1
15353 - 3 -1
15373 - 0 -1
15374 - 3 -1
15393 - 2 -1
15394 - 2 -1
15395 - 2 -1
15396 - 2 -1
15397 - 2 -1
15398 - 12 -1
15399 - 12 -1
15400 - 12 -1
15401 - 12 -1
15402 - 12 -1
15403 - 3 5
15417 - 3 -1
15418 - 2 -1
15422 - 0 8
15423 - 4 6
15424 - 4 6
15425 - 7 -1
15426 - 3 -1
15432 - 1 -1
15433 - 1 -1
15434 - 1 -1
15435 - 1 -1
15438 - 3 5
15439 - 5 -1
15440 - 5 -1
15441 - 3 -1
15442 - 3 -1
15443 - 3 -1
15444 - 3 -1
15445 - 1 -1
15446 - 1 -1
15447 - 1 -1
15448 - 1 -1
15449 - 1 -1
15450 - 1 -1
15451 - 1 -1
15452 - 1 -1
15453 - 1 -1
15454 - 1 -1
15455 - 1 -1
15456 - 1 -1
15457 - 1 -1
15458 - 1 -1
15459 - 1 -1
15460 - 1 -1
15461 - 1 -1
15462 - 1 -1
15463 - 1 -1
15464 - 1 -1
15484 - 3 5
15485 - 3 5
15486 - 3 -1
15488 - 0 -1
15490 - 0 -1
15492 - 0 8
15496 - 0 8
15497 - 0 8
15502 - 3 -1
15503 - 4 6
15505 - 7 -1
15507 - 3 -1
15509 - 0 -1
15511 - 2 -1
15582 - 3 -1
15590 - 0 -1
15596 - 3 -1
15597 - 3 5
15598 - 3 -1
15599 - 0 8
15600 - 4 6
15602 - 0 -1
15604 - 7 -1
15606 - 4 6
15608 - 0 -1
15610 - 7 -1
15612 - 4 6
15614 - 0 -1
15616 - 7 -1
15618 - 4 6
15620 - 0 -1
15622 - 7 -1
15673 - 0 -1
15701 - 3 5
15702 - 3 5
15703 - 3 5
15704 - 3 5
15706 - 1 -1
15707 - 12 -1
15753 - 3 -1
15755 - 3 -1
15757 - 3 -1
15759 - 3 -1
15761 - 3 -1
15763 - 3 -1
15765 - 3 -1
15767 - 3 -1
15769 - 3 -1
15771 - 3 -1
15773 - 3 -1
15775 - 3 5
15776 - 3 5
15777 - 3 5
15778 - 3 5
15779 - 3 5
15780 - 3 5
15781 - 3 5
15782 - 3 5
15783 - 3 5
15784 - 3 5
15785 - 3 5
15786 - 10 -1
15787 - 10 -1
15788 - 10 -1
15789 - 10 -1
15790 - 10 -1
15791 - 10 -1
15792 - 10 -1
15793 - 10 -1
15794 - 10 -1
15795 - 10 -1
15796 - 10 -1
15797 - 7 -1
15798 - 7 -1
15799 - 7 -1
15800 - 7 -1
15801 - 7 -1
15802 - 7 -1
15803 - 7 -1
15804 - 7 -1
15805 - 7 -1
15806 - 7 -1
15807 - 7 -1
15808 - 5 -1
15809 - 5 -1
15810 - 5 -1
15811 - 5 -1
15812 - 5 -1
15813 - 5 -1
15814 - 5 -1
15815 - 5 -1
15816 - 5 -1
15817 - 5 -1
15818 - 5 -1
15819 - 9 -1
15820 - 9 -1
15821 - 10 -1
15822 - 10 -1
15823 - 10 -1
15824 - 10 -1
15825 - 5 -1
15826 - 3 -1
15827 - 3 -1
15828 - 0 8
15829 - 10 -1
15830 - 10 -1
15831 - 5 -1
15832 - 5 -1
15833 - 2 -1
15834 - 2 -1
15835 - 3 -1
15836 - 3 5
15837 - 4 6
15838 - 4 6
15839 - 4 6
15840 - 4 6
15841 - 4 6
15842 - 4 6
15843 - 4 6
15844 - 4 6
15845 - 4 6
15846 - 4 6
15847 - 4 6
15848 - 3 -1
15849 - 3 -1
15850 - 3 -1
15851 - 3 -1
15852 - 3 -1
15853 - 3 -1
15854 - 3 -1
15855 - 3 -1
15856 - 3 -1
15857 - 3 -1
15858 - 3 -1
15859 - 3 -1
15860 - 3 -1
15861 - 3 -1
15862 - 3 -1
15863 - 3 -1
15864 - 3 -1
15865 - 3 -1
15866 - 3 -1
15867 - 3 -1
15868 - 3 -1
15869 - 3 -1
15870 - 3 -1
15871 - 3 -1
15872 - 3 -1
15873 - 3 -1
15874 - 3 -1
15875 - 3 -1
15876 - 3 -1
15877 - 3 -1
15878 - 3 -1
15879 - 3 -1
15880 - 3 -1
15881 - 3 -1
15882 - 3 -1
15883 - 3 -1
15884 - 3 -1
15885 - 3 -1
15886 - 3 -1
15887 - 3 -1
15888 - 3 -1
15889 - 3 -1
15890 - 3 -1
15891 - 3 -1
15892 - 0 8
15893 - 0 8
15894 - 0 8
15895 - 0 8
15896 - 0 8
15897 - 0 8
15898 - 0 8
15899 - 0 8
15900 - 0 8
15901 - 0 8
15902 - 0 8
15903 - 3 5
15904 - 3 5
15905 - 3 5
15906 - 3 5
15907 - 3 5
15908 - 3 5
15909 - 3 5
15910 - 3 5
15911 - 3 5
15912 - 3 5
15913 - 3 5
15914 - 0 8
15915 - 0 8
15916 - 0 8
15917 - 0 8
15918 - 0 8
15919 - 0 8
15920 - 0 8
15921 - 0 8
15922 - 0 8
15923 - 0 8
15924 - 0 8
15925 - 7 -1
15926 - 7 -1
15927 - 7 -1
15928 - 7 -1
15929 - 7 -1
15930 - 7 -1
15931 - 7 -1
15932 - 7 -1
15933 - 7 -1
15934 - 7 -1
15935 - 7 -1
15936 - 9 -1
15937 - 9 -1
15938 - 9 -1
15939 - 9 -1
15940 - 9 -1
15941 - 9 -1
15942 - 9 -1
15943 - 9 -1
15944 - 9 -1
15945 - 9 -1
15946 - 9 -1
15947 - 13 -1
15948 - 13 -1
15949 - 13 -1
15950 - 13 -1
15951 - 13 -1
15952 - 13 -1
15953 - 13 -1
15954 - 13 -1
15955 - 13 -1
15956 - 13 -1
15957 - 13 -1
15958 - 13 -1
15959 - 13 -1
15960 - 13 -1
15961 - 13 -1
15962 - 13 -1
15963 - 13 -1
15964 - 13 -1
15965 - 13 -1
15966 - 13 -1
15967 - 13 -1
15968 - 13 -1
15969 - 13 -1
15970 - 13 -1
15971 - 13 -1
15972 - 13 -1
15973 - 13 -1
15974 - 13 -1
15975 - 13 -1
15976 - 13 -1
15977 - 13 -1
15978 - 13 -1
15979 - 13 -1
15980 - 13 -1
15981 - 13 -1
15982 - 13 -1
15983 - 13 -1
15984 - 13 -1
15985 - 13 -1
15986 - 13 -1
15987 - 13 -1
15988 - 13 -1
15989 - 13 -1
15990 - 13 -1
15991 - 3 -1
15992 - 3 -1
15993 - 3 -1
15994 - 3 -1
15995 - 3 -1
15996 - 3 -1
15997 - 3 -1
15998 - 3 -1
15999 - 3 -1
16000 - 3 -1
16001 - 3 -1
16002 - 10 -1
16003 - 10 -1
16004 - 10 -1
16005 - 10 -1
16006 - 10 -1
16007 - 10 -1
16008 - 10 -1
16009 - 10 -1
16010 - 10 -1
16011 - 10 -1
16012 - 10 -1
16013 - 4 6
16014 - 4 6
16015 - 4 6
16016 - 4 6
16017 - 4 6
16018 - 4 6
16019 - 4 6
16020 - 4 6
16021 - 4 6
16022 - 4 6
16023 - 4 6
16024 - 3 -1
16025 - 3 -1
16026 - 3 -1
16027 - 3 -1
16028 - 3 -1
16029 - 3 -1
16030 - 3 -1
16031 - 3 -1
16032 - 3 -1
16033 - 3 -1
16034 - 3 -1
16035 - 3 -1
16036 - 3 -1
16037 - 3 -1
16038 - 3 -1
16039 - 3 -1
16040 - 3 -1
16041 - 3 -1
16042 - 3 -1
16043 - 3 -1
16044 - 3 -1
16045 - 3 -1
16046 - 0 8
16047 - 0 8
16048 - 0 8
16049 - 0 8
16050 - 0 8
16051 - 0 8
16052 - 0 8
16053 - 0 8
16054 - 0 8
16055 - 0 8
16056 - 0 8
16057 - 7 -1
16058 - 7 -1
16059 - 7 -1
16060 - 7 -1
16061 - 7 -1
16062 - 7 -1
16063 - 7 -1
16064 - 7 -1
16065 - 7 -1
16066 - 7 -1
16067 - 7 -1
16068 - 4 6
16069 - 4 6
16070 - 4 6
16071 - 4 6
16072 - 4 6
16073 - 4 6
16074 - 4 6
16075 - 4 6
16076 - 4 6
16077 - 4 6
16078 - 4 6
16079 - 5 -1
16080 - 4 6
16081 - 4 6
16082 - 4 6
16083 - 4 6
16084 - 4 6
16085 - 4 6
16086 - 4 6
16087 - 4 6
16088 - 4 6
16089 - 4 6
16090 - 4 6
16105 - 9 -1
16106 - 9 -1
16107 - 9 -1
16108 - 9 -1
16109 - 9 -1
16110 - 9 -1
16111 - 9 -1
16112 - 9 -1
16113 - 9 -1
16114 - 9 -1
16115 - 9 -1
16116 - 3 -1
16117 - 3 -1
16118 - 3 -1
16119 - 3 -1
16120 - 3 -1
16121 - 3 -1
16122 - 3 -1
16123 - 3 -1
16124 - 3 -1
16125 - 3 -1
16126 - 3 -1
16127 - 3 5
16128 - 3 5
16129 - 3 5
16130 - 3 5
16131 - 3 5
16132 - 3 5
16133 - 3 5
16134 - 3 5
16135 - 3 5
16136 - 3 5
16137 - 3 5
16138 - 2 -1
16139 - 2 -1
16140 - 2 -1
16141 - 2 -1
16142 - 3 -1
16143 - 3 -1
16144 - 3 -1
16145 - 3 -1
16146 - 3 -1
16147 - 3 -1
16148 - 3 -1
16149 - 3 -1
16150 - 3 -1
16151 - 3 -1
16152 - 3 -1
16153 - 3 -1
16154 - 3 -1
16155 - 3 -1
16156 - 3 -1
16157 - 3 -1
16158 - 3 -1
16159 - 3 -1
16160 - 3 -1
16161 - 3 -1
16162 - 3 -1
16163 - 3 -1
16164 - 3 -1
16165 - 3 -1
16166 - 3 -1
16167 - 3 -1
16168 - 3 -1
16169 - 3 -1
16170 - 3 -1
16171 - 3 -1
16172 - 3 -1
16173 - 3 -1
16174 - 3 5
16175 - 3 5
16176 - 3 5
16177 - 3 5
16178 - 3 5
16179 - 3 5
16180 - 3 5
16181 - 3 5
16182 - 3 5
16183 - 3 5
16184 - 3 5
16185 - 9 -1
16186 - 9 -1
16187 - 9 -1
16188 - 9 -1
16189 - 9 -1
16190 - 9 -1
16191 - 9 -1
16192 - 9 -1
16193 - 9 -1
16194 - 9 -1
16195 - 9 -1
16196 - 7 -1
16197 - 7 -1
16198 - 7 -1
16199 - 7 -1
16200 - 7 -1
16201 - 7 -1
16202 - 7 -1
16203 - 7 -1
16204 - 7 -1
16205 - 7 -1
16206 - 7 -1
16207 - 3 -1
16208 - 3 -1
16209 - 3 -1
16210 - 3 -1
16211 - 3 -1
16212 - 3 -1
16213 - 3 -1
16214 - 3 -1
16215 - 3 -1
16216 - 3 -1
16217 - 3 -1
16218 - 3 5
16219 - 3 5
16220 - 3 5
16221 - 3 5
16222 - 3 5
16223 - 3 5
16224 - 3 5
16225 - 3 5
16226 - 3 5
16227 - 3 5
16228 - 3 5
16229 - 3 5
16230 - 3 5
16231 - 3 5
16232 - 3 5
16233 - 3 5
16234 - 3 5
16235 - 3 5
16236 - 3 5
16237 - 3 5
16238 - 3 5
16239 - 3 5
16240 - 3 5
16241 - 3 5
16242 - 3 5
16243 - 3 5
16244 - 3 5
16245 - 3 5
16246 - 3 5
16247 - 3 5
16248 - 3 5
16249 - 3 5
16250 - 3 5
16251 - 3 5
16252 - 3 5
16253 - 3 5
16254 - 3 5
16255 - 3 5
16256 - 3 5
16257 - 3 5
16258 - 3 5
16259 - 3 5
16260 - 3 5
16261 - 3 5
16262 - 10 -1
16263 - 10 -1
16264 - 10 -1
16265 - 10 -1
16266 - 10 -1
16267 - 10 -1
16268 - 10 -1
16269 - 10 -1
16270 - 10 -1
16271 - 10 -1
16272 - 10 -1
16273 - 9 -1
16275 - 9 -1
16277 - 9 -1
16279 - 9 -1
16281 - 9 -1
16283 - 9 -1
16285 - 9 -1
16287 - 9 -1
16289 - 9 -1
16291 - 9 -1
16293 - 9 -1
16295 - 3 -1
16297 - 3 -1
16299 - 3 -1
16301 - 3 -1
16303 - 3 -1
16305 - 3 -1
16307 - 3 -1
16309 - 3 -1
16311 - 3 -1
16313 - 3 -1
16315 - 3 -1
16317 - 3 5
16319 - 3 5
16321 - 3 5
16323 - 3 5
16325 - 3 5
16327 - 3 5
16329 - 3 5
16331 - 3 5
16333 - 3 5
16335 - 3 5
16337 - 3 5
16339 - 10 -1
16341 - 10 -1
16343 - 10 -1
16345 - 10 -1
16347 - 10 -1
16349 - 10 -1
16351 - 10 -1
16353 - 10 -1
16355 - 10 -1
16357 - 10 -1
16359 - 10 -1
16361 - 3 -1
16363 - 3 -1
16365 - 3 -1
16367 - 3 -1
16369 - 3 -1
16371 - 3 -1
16373 - 3 -1
16375 - 3 -1
16377 - 3 -1
16379 - 3 -1
16381 - 3 -1
16383 - 3 -1
16385 - 3 -1
16387 - 3 -1
16389 - 3 -1
16391 - 3 -1
16393 - 3 -1
16395 - 3 -1
16397 - 3 -1
16399 - 3 -1
16401 - 3 -1
16403 - 3 -1
16405 - 3 5
16407 - 3 5
16409 - 3 5
16411 - 3 5
16413 - 3 5
16415 - 3 5
16417 - 3 5
16419 - 3 5
16421 - 3 5
16423 - 3 5
16425 - 3 5
16427 - 13 -1
16432 - 13 -1
16437 - 13 -1
16442 - 13 -1
16447 - 13 -1
16452 - 13 -1
16457 - 13 -1
16462 - 13 -1
16467 - 13 -1
16472 - 13 -1
16477 - 13 -1
16482 - 13 -1
16487 - 13 -1
16492 - 13 -1
16497 - 13 -1
16502 - 13 -1
16507 - 13 -1
16512 - 13 -1
16517 - 13 -1
16522 - 13 -1
16527 - 13 -1
16532 - 13 -1
16537 - 13 -1
16542 - 13 -1
16547 - 13 -1
16552 - 13 -1
16557 - 13 -1
16562 - 13 -1
16567 - 13 -1
16572 - 13 -1
16577 - 13 -1
16582 - 13 -1
16587 - 13 -1
16592 - 13 -1
16597 - 13 -1
16602 - 13 -1
16607 - 13 -1
16612 - 13 -1
16617 - 13 -1
16622 - 13 -1
16627 - 13 -1
16632 - 13 -1
16637 - 13 -1
16642 - 13 -1
16647 - 7 -1
16649 - 7 -1
16651 - 7 -1
16653 - 7 -1
16655 - 7 -1
16657 - 7 -1
16659 - 7 -1
16661 - 7 -1
16663 - 7 -1
16665 - 7 -1
16667 - 7 -1
16669 - 7 -1
16671 - 7 -1
16673 - 7 -1
16675 - 7 -1
16677 - 7 -1
16679 - 7 -1
16681 - 7 -1
16683 - 7 -1
16685 - 7 -1
16687 - 7 -1
16689 - 7 -1
16691 - 0 8
16693 - 0 8
16695 - 0 8
16697 - 0 8
16699 - 0 8
16701 - 0 8
16703 - 0 8
16705 - 0 8
16707 - 0 8
16709 - 0 8
16711 - 0 8
16713 - 4 6
16715 - 4 6
16717 - 4 6
16719 - 4 6
16721 - 4 6
16723 - 4 6
16725 - 4 6
16727 - 4 6
16729 - 4 6
16731 - 4 6
16733 - 4 6
16735 - 0 8
16737 - 0 8
16739 - 0 8
16741 - 0 8
16743 - 0 8
16745 - 0 8
16747 - 0 8
16749 - 0 8
16751 - 0 8
16753 - 0 8
16755 - 0 8
16757 - 3 -1
16759 - 3 -1
16761 - 3 -1
16763 - 3 -1
16765 - 3 -1
16767 - 3 -1
16769 - 3 -1
16771 - 3 -1
16773 - 3 -1
16775 - 3 -1
16777 - 3 -1
16779 - 3 -1
16781 - 3 -1
16783 - 3 -1
16785 - 3 -1
16787 - 3 -1
16789 - 3 -1
16791 - 3 -1
16793 - 3 -1
16795 - 3 -1
16797 - 3 -1
16799 - 3 -1
16801 - 3 -1
16803 - 3 -1
16805 - 3 -1
16807 - 3 -1
16809 - 3 -1
16811 - 3 -1
16813 - 3 -1
16815 - 3 -1
16817 - 3 -1
16819 - 3 -1
16821 - 3 -1
16823 - 3 -1
16825 - 3 -1
16827 - 3 -1
16829 - 3 -1
16831 - 3 -1
16833 - 3 -1
16835 - 3 -1
16837 - 3 -1
16839 - 3 -1
16841 - 3 -1
16843 - 3 -1
16845 - 7 -1
16847 - 7 -1
16849 - 7 -1
16851 - 7 -1
16853 - 7 -1
16855 - 7 -1
16857 - 7 -1
16859 - 7 -1
16861 - 7 -1
16863 - 7 -1
16865 - 7 -1
16867 - 3 5
16869 - 3 5
16871 - 3 5
16873 - 3 5
16875 - 3 5
16877 - 3 5
16879 - 3 5
16881 - 3 5
16883 - 3 5
16885 - 3 5
16887 - 3 5
16889 - 3 5
16891 - 3 5
16893 - 3 5
16895 - 3 5
16897 - 3 5
16899 - 3 5
16901 - 3 5
16903 - 3 5
16905 - 3 5
16907 - 3 5
16909 - 3 5
16911 - 10 -1
16913 - 10 -1
16915 - 10 -1
16917 - 10 -1
16919 - 10 -1
16921 - 10 -1
16923 - 10 -1
16925 - 10 -1
16927 - 10 -1
16929 - 10 -1
16931 - 10 -1
16933 - 5 -1
16935 - 3 -1
16937 - 3 -1
16939 - 3 -1
16941 - 3 -1
16943 - 3 -1
16945 - 3 -1
16947 - 3 -1
16949 - 3 -1
16951 - 3 -1
16953 - 3 -1
16955 - 3 -1
16957 - 3 -1
16959 - 3 -1
16961 - 3 -1
16963 - 3 -1
16965 - 3 5
16967 - 3 -1
16969 - 3 -1
16971 - 5 -1
16973 - 3 5
16975 - 3 5
16977 - 3 -1
16979 - 3 -1
16981 - 3 -1
16983 - 3 -1
16985 - 3 -1
16987 - 3 -1
16989 - 3 -1
16991 - 3 -1
16993 - 3 -1
16995 - 3 -1
16997 - 3 -1
16999 - 3 -1
17001 - 3 -1
17003 - 3 -1
17005 - 3 -1
17007 - 3 -1
17009 - 3 -1
17011 - 3 -1
17013 - 3 -1
17015 - 3 -1
17017 - 3 -1
17019 - 3 -1
17021 - 3 -1
17023 - 3 -1
17025 - 3 -1
17027 - 3 -1
17029 - 3 -1
17031 - 3 -1
17033 - 3 -1
17035 - 3 -1
17037 - 3 -1
17039 - 3 -1
17041 - 0 8
17043 - 0 8
17045 - 0 8
17047 - 0 8
17049 - 0 11
17051 - 0 11
17053 - 0 11
17055 - 0 11
17057 - 0 8
17059 - 0 8
17061 - 0 8
17063 - 3 5
17065 - 3 5
17067 - 3 5
17069 - 3 5
17071 - 3 5
17073 - 3 5
17075 - 3 5
17077 - 3 5
17079 - 3 5
17081 - 3 5
17083 - 3 5
17085 - 3 5
17087 - 3 5
17089 - 3 5
17091 - 3 5
17093 - 3 5
17095 - 3 5
17097 - 3 5
17099 - 3 5
17101 - 3 5
17103 - 3 5
17105 - 3 5
17107 - 3 5
17109 - 3 5
17111 - 3 5
17113 - 3 5
17115 - 3 5
17117 - 3 5
17119 - 3 5
17121 - 3 5
17123 - 3 5
17125 - 3 5
17127 - 3 5
17129 - 3 5
17131 - 3 5
17133 - 3 5
17135 - 3 5
17137 - 3 5
17139 - 3 5
17141 - 3 5
17143 - 3 5
17145 - 3 5
17147 - 3 5
17149 - 3 5
17151 - 9 -1
17153 - 9 -1
17155 - 9 -1
17157 - 9 -1
17159 - 9 -1
17161 - 9 -1
17163 - 9 -1
17165 - 9 -1
17167 - 9 -1
17169 - 9 -1
17171 - 9 -1
17173 - 4 6
17175 - 4 6
17177 - 4 6
17179 - 4 6
17181 - 4 6
17183 - 4 6
17185 - 4 6
17187 - 4 6
17189 - 4 6
17191 - 4 6
17193 - 4 6
17195 - 9 -1
17197 - 9 -1
17199 - 9 -1
17201 - 9 -1
17203 - 9 -1
17205 - 9 -1
17207 - 9 -1
17209 - 9 -1
17211 - 9 -1
17213 - 9 -1
17215 - 9 -1
17217 - 4 6
17219 - 4 6
17221 - 4 6
17223 - 4 6
17225 - 4 6
17227 - 4 6
17229 - 4 6
17231 - 4 6
17233 - 4 6
17235 - 4 6
17237 - 4 6
17239 - 4 6
17241 - 4 6
17243 - 4 6
17245 - 4 6
17247 - 4 6
17249 - 4 6
17251 - 4 6
17253 - 4 6
17255 - 4 6
17257 - 4 6
17259 - 4 6
17261 - 9 -1
17263 - 9 -1
17265 - 10 -1
17267 - 10 -1
17269 - 10 -1
17271 - 10 -1
17273 - 5 -1
17275 - 3 -1
17277 - 3 -1
17279 - 0 8
17281 - 10 -1
17283 - 10 -1
17285 - 5 -1
17287 - 5 -1
17289 - 2 -1
17291 - 2 -1
17293 - 3 -1
17295 - 3 5
17297 - 10 -1
17299 - 10 -1
17301 - 10 -1
17303 - 10 -1
17305 - 10 -1
17307 - 10 -1
17309 - 10 -1
17311 - 10 -1
17313 - 10 -1
17315 - 10 -1
17317 - 10 -1
17319 - 7 -1
17321 - 7 -1
17323 - 7 -1
17325 - 7 -1
17327 - 7 -1
17329 - 7 -1
17331 - 7 -1
17333 - 7 -1
17335 - 7 -1
17337 - 7 -1
17339 - 7 -1
17341 - 5 -1
17343 - 5 -1
17345 - 5 -1
17347 - 5 -1
17349 - 5 -1
17351 - 5 -1
17353 - 5 -1
17355 - 5 -1
17357 - 5 -1
17359 - 5 -1
17361 - 5 -1
18199 - 3 -1
18331 - 3 5
18332 - 3 5
18333 - 2 -1
18334 - 2 -1
18335 - 2 -1
18340 - 5 -1
18341 - 3 -1
18342 - 3 -1
18346 - 5 -1
18347 - 9 -1
18349 - 3 -1
18350 - 3 -1
18351 - 3 -1
18352 - 3 -1
18353 - 3 5
18354 - 3 5
18355 - 3 -1
18356 - 3 -1
18357 - 3 -1
18358 - 3 -1
18359 - 5 -1
18360 - 5 -1
18361 - 5 -1
18362 - 5 -1
18363 - 5 -1
18364 - 5 -1
18365 - 3 -1
18366 - 3 -1
18367 - 3 -1
18368 - 3 -1
18369 - 3 5
18370 - 3 5
18371 - 3 -1
18372 - 3 -1
18373 - 3 5
18374 - 3 5
18508 - 1 -1
18509 - 1 -1
18510 - 0 8
18577 - 12 -1
18578 - 12 -1
18579 - 12 -1
18580 - 3 -1
18581 - 3 -1
18582 - 5 -1
18583 - 5 -1
18584 - 5 -1
18585 - 5 -1
18643 - 3 -1
18644 - 3 -1
18650 - 0 -1
18667 - 3 -1
18673 - 5 -1
18681 - 3 -1
18691 - 5 -1
18693 - 0 -1
18695 - 4 6
18697 - 4 6
18699 - 4 6
18705 - 3 -1
18706 - 4 6
18707 - 7 -1
18708 - 0 8
18709 - 5 -1
18739 - 1 -1
18740 - 1 -1
18741 - 1 -1
18742 - 1 -1
18743 - 1 -1
18744 - 0 -1
18745 - 0 -1
18746 - 0 -1
18747 - 5 -1
18776 - 0 8
18777 - 3 -1
18786 - 3 -1
18788 - 10 -1
18817 - 12 -1
18818 - 12 -1
18819 - 12 -1
18820 - 12 -1
18821 - 12 -1
18822 - 12 -1
18823 - 12 -1
18824 - 12 -1
18825 - 12 -1
18826 - 12 -1
18827 - 12 -1
18828 - 12 -1
19143 - 3 5
19145 - 3 5
19146 - 3 5
19148 - 3 5
19149 - 3 5
19151 - 3 5
19152 - 13 -1
19157 - 13 -1
19162 - 13 -1
19167 - 4 6
19169 - 7 -1
19171 - 7 -1
19173 - 4 6
19175 - 7 -1
19177 - 7 -1
19179 - 4 6
19181 - 4 6
19182 - 7 -1
19184 - 7 -1
19185 - 7 -1
19187 - 7 -1
19188 - 4 6
19190 - 7 -1
19192 - 7 -1
19194 - 4 6
19196 - 7 -1
19198 - 7 -1
19200 - 4 6
19202 - 4 6
19203 - 7 -1
19205 - 7 -1
19206 - 7 -1
19208 - 7 -1
19209 - 4 6
19211 - 7 -1
19213 - 7 -1
19215 - 4 6
19217 - 7 -1
19219 - 7 -1
19221 - 4 6
19223 - 4 6
19224 - 7 -1
19226 - 7 -1
19227 - 7 -1
19229 - 7 -1
19230 - 4 6
19232 - 7 -1
19234 - 7 -1
19236 - 4 6
19238 - 7 -1
19240 - 7 -1
19242 - 4 6
19244 - 4 6
19245 - 7 -1
19247 - 7 -1
19248 - 7 -1
19250 - 7 -1
19251 - 4 6
19253 - 7 -1
19255 - 7 -1
19257 - 4 6
19259 - 7 -1
19261 - 7 -1
19263 - 4 6
19265 - 4 6
19266 - 7 -1
19268 - 7 -1
19269 - 7 -1
19271 - 7 -1
19272 - 0 11
19274 - 0 11
19275 - 0 11
19277 - 0 11
19278 - 0 11
19280 - 0 11
19281 - 0 11
19283 - 0 11
19284 - 0 11
19286 - 0 11
19287 - 0 11
19289 - 0 11
19290 - 0 11
19292 - 0 11
19293 - 0 11
19295 - 0 11
19296 - 0 11
19298 - 0 11
19299 - 0 11
19301 - 0 11
19302 - 0 11
19304 - 0 11
19305 - 0 11
19307 - 0 11
19308 - 3 -1
19310 - 3 -1
19311 - 1 -1
19313 - 1 -1
19314 - 0 -1
19316 - 0 -1
19317 - 4 6
19319 - 4 6
19320 - 7 -1
19322 - 7 -1
19323 - 3 -1
19325 - 3 -1
19327 - 3 -1
19329 - 3 -1
19331 - 3 -1
19335 - 2 -1
19336 - 0 8
19337 - 4 6
19338 - 7 -1
19339 - 7 -1
19340 - 5 -1
19341 - 0 8
19342 - 4 6
19343 - 7 -1
19344 - 7 -1
19345 - 5 -1
19362 - 3 -1
19364 - 3 -1
19366 - 3 -1
19368 - 1 -1
19370 - 1 -1
19372 - 1 -1
19374 - 0 8
19376 - 0 8
19378 - 0 8
19380 - 4 6
19382 - 4 6
19384 - 4 6
19386 - 7 -1
19388 - 7 -1
19390 - 7 -1
19392 - 2 -1
19394 - 2 -1
19396 - 2 -1
19398 - 4 6
19400 - 4 6
19401 - 7 -1
19403 - 7 -1
19404 - 7 -1
19406 - 7 -1
19407 - 0 8
19409 - 0 8
19410 - 5 -1
19412 - 5 -1
19413 - 4 6
19415 - 4 6
19416 - 7 -1
19418 - 7 -1
19419 - 7 -1
19421 - 7 -1
19422 - 0 8
19424 - 0 8
19425 - 5 -1
19427 - 5 -1
19428 - 4 6
19430 - 4 6
19431 - 7 -1
19433 - 7 -1
19434 - 7 -1
19436 - 7 -1
19437 - 0 8
19439 - 0 8
19440 - 5 -1
19442 - 5 -1
19443 - 9 -1
19445 - 4 6
19447 - 7 -1
19449 - 0 8
19451 - 9 -1
19453 - 4 6
19455 - 7 -1
19457 - 0 8
19459 - 9 -1
19461 - 4 6
19463 - 7 -1
19465 - 0 8
19612 - 5 -1
19613 - 5 -1
19614 - 5 -1
19615 - 5 -1
19616 - 5 -1
19617 - 5 -1
19618 - 5 -1
19619 - 5 -1
19620 - 5 -1
19669 - 12 -1
19671 - 5 -1
19672 - 12 -1
19673 - 12 -1
19674 - 12 -1
19690 - 12 -1
19691 - 12 -1
19692 - 12 -1
19693 - 12 -1
19694 - 12 -1
19695 - 12 -1
19706 - 4 6
19707 - 7 -1
19708 - 0 -1
19709 - 1 -1
19710 - 1 -1
19712 - 5 -1
19713 - 2 -1
19714 - 3 -1
19715 - 3 -1
19716 - 3 -1
19717 - 3 -1
19718 - 5 -1
19719 - 3 -1
19720 - 3 -1
19721 - 5 -1
19722 - 5 -1
19723 - 3 -1
19724 - 3 -1
19725 - 3 -1
19726 - 3 -1
19727 - 5 -1
19728 - 3 -1
19729 - 3 -1
19730 - 3 -1
19731 - 3 -1
19732 - 3 -1
19733 - 3 -1
19734 - 3 -1
19735 - 4 6
19747 - 0 8
19748 - 1 -1
19749 - 5 -1
19753 - 5 -1
19754 - 9 -1
19757 - 4 6
19760 - 12 -1
19763 - 0 -1
19766 - 10 -1
19776 - 10 -1
19780 - 3 -1
19781 - 4 6
19782 - 7 -1
19783 - 0 8
19784 - 3 -1
19785 - 4 6
19786 - 7 -1
19787 - 4 6
19788 - 7 -1
19789 - 4 6
19790 - 7 -1
19799 - 3 -1
19801 - 5 -1
19808 - 3 -1
19830 - 3 5
19865 - 5 -1
19866 - 5 -1
19867 - 5 -1
19868 - 5 -1
19886 - 2 -1
19887 - 2 -1
19888 - 2 -1
19889 - 5 -1
19892 - 2 -1
19893 - 1 -1
19896 - 12 -1
20044 - 4 6
20045 - 7 -1
20046 - 0 -1
20048 - 4 6
20049 - 7 -1
20050 - 0 -1
20053 - 12 -1
20054 - 12 -1
20062 - 3 -1
20064 - 2 -1
20065 - 2 -1
20066 - 2 -1
20067 - 2 -1
20068 - 1 -1
20070 - 0 8
20072 - 5 -1
20077 - 0 -1
20084 - 3 5
20110 - 3 -1
20115 - 0 8
20116 - 4 6
20117 - 7 -1
20118 - 9 -1
20119 - 10 -1
20125 - 0 8
20127 - 4 6
20129 - 7 -1
20131 - 9 -1
20133 - 10 -1
20135 - 0 8
20137 - 0 8
20138 - 0 8
20139 - 4 6
20141 - 4 6
20142 - 4 6
20143 - 7 -1
20145 - 7 -1
20146 - 7 -1
20147 - 0 8
20149 - 0 8
20150 - 0 8
20151 - 4 6
20153 - 4 6
20154 - 4 6
20155 - 7 -1
20157 - 7 -1
20158 - 7 -1
20159 - 0 8
20161 - 0 8
20162 - 0 8
20163 - 4 6
20165 - 4 6
20166 - 4 6
20167 - 7 -1
20169 - 7 -1
20170 - 7 -1
20171 - 3 5
20173 - 3 5
20174 - 3 5
20177 - 0 8
20178 - 9 -1
20430 - 3 -1
20436 - 5 -1
20438 - 5 -1
20440 - 0 -1
20442 - 0 -1
20444 - 4 6
20446 - 4 6
20448 - 10 -1
20450 - 10 -1
20452 - 10 -1
20454 - 10 -1
20456 - 10 -1
20458 - 9 -1
20460 - 9 -1
20462 - 9 -1
20464 - 9 -1
20466 - 9 -1
20533 - 3 -1
20534 - 3 -1
20535 - 3 -1
20536 - 3 -1
20537 - 3 -1
20538 - 3 -1
20539 - 3 -1
20540 - 3 -1
20541 - 3 -1
20542 - 3 -1
20543 - 3 -1
20544 - 3 -1
20545 - 3 -1
20546 - 3 -1
20547 - 3 -1
20548 - 3 -1
20549 - 3 -1
20550 - 3 -1
20551 - 3 -1
20552 - 3 -1
20553 - 3 -1
20554 - 3 -1
20555 - 3 -1
20556 - 3 -1
20557 - 3 -1
20653 - 12 -1
20655 - 12 -1
20657 - 12 -1
20659 - 12 -1
20671 - 3 -1
20673 - 3 -1
20686 - 3 5
20708 - 1 -1
20709 - 3 -1
20714 - 3 -1
20716 - 3 -1
20718 - 5 -1
20725 - 3 -1
20727 - 0 -1
20728 - 0 -1
20735 - 1 -1
20736 - 1 -1
20737 - 1 -1
20738 - 1 -1
20739 - 1 -1
20740 - 1 -1
20741 - 1 -1
20742 - 1 -1
20743 - 1 -1
20744 - 0 8
20750 - 0 8
20751 - 0 8
20752 - 0 8
20753 - 0 8
20754 - 1 -1
20755 - 1 -1
20756 - 1 -1
20757 - 1 -1
20758 - 1 -1
20759 - 1 -1
20760 - 1 -1
20761 - 1 -1
20762 - 1 -1
20763 - 1 -1
20764 - 0 8
20765 - 1 -1
20766 - 0 8
20767 - 1 -1
20768 - 0 8
20769 - 1 -1
20770 - 0 8
20771 - 1 -1
20772 - 0 8
20780 - 3 -1
20781 - 3 -1
20782 - 3 -1
20783 - 3 -1
20784 - 3 -1
20785 - 3 -1
20786 - 3 -1
20787 - 9 -1
20788 - 10 -1
20789 - 0 8
20790 - 7 -1
20791 - 4 6
20792 - 0 8
20793 - 3 -1
20794 - 3 -1
20795 - 0 -1
20796 - 0 -1
20797 - 0 -1
20798 - 0 -1
20799 - 0 -1
20800 - 0 -1
20801 - 0 8
20802 - 0 8
20803 - 0 8
20804 - 0 8
20805 - 0 8
20806 - 0 8
20807 - 3 -1
20808 - 3 -1
20809 - 3 -1
20810 - 3 -1
20811 - 3 -1
20812 - 3 -1
20813 - 3 -1
20814 - 3 -1
20815 - 3 -1
20816 - 3 -1
20817 - 3 -1
20818 - 3 -1
20819 - 3 -1
20820 - 3 -1
20821 - 3 5
20822 - 4 6
20823 - 7 -1
20824 - 0 8
20825 - 9 -1
20826 - 10 -1
20833 - 3 -1
20857 - 3 -1
20858 - 13 -1
20859 - 3 5
20872 - 3 -1
20873 - 5 -1
20874 - 3 5
20875 - 4 6
20876 - 7 -1
20877 - 0 8
20891 - 5 -1
20892 - 5 -1
20929 - 3 5
20937 - 3 5
20949 - 0 -1
20950 - 0 -1
20951 - 0 -1
20952 - 0 -1
20953 - 0 8
20954 - 0 8
20955 - 0 8
20956 - 0 8
20957 - 14 -1
20958 - 14 -1
20959 - 14 -1
20961 - 14 -1
20962 - 14 -1
20963 - 14 -1
20964 - 14 -1
20965 - 14 -1
20966 - 14 -1
20967 - 14 -1
20968 - 3 -1
20970 - 0 8
20971 - 0 8
20972 - 0 8
20973 - 0 8
20974 - 0 8
20975 - 0 8
20976 - 0 8
20977 - 0 8
20978 - 0 8
20979 - 0 8
20980 - 4 6
20981 - 4 6
20982 - 4 6
20983 - 4 6
20984 - 4 6
20985 - 4 6
20986 - 4 6
20987 - 4 6
20988 - 4 6
20989 - 4 6
20990 - 7 -1
20991 - 7 -1
20992 - 7 -1
20993 - 7 -1
20994 - 7 -1
20995 - 7 -1
20996 - 7 -1
20997 - 7 -1
20998 - 7 -1
20999 - 7 -1
21000 - 10 -1
21001 - 10 -1
21002 - 10 -1
21003 - 10 -1
21004 - 10 -1
21005 - 10 -1
21006 - 10 -1
21007 - 10 -1
21008 - 10 -1
21009 - 10 -1
21010 - 0 8
21011 - 0 8
21012 - 0 8
21013 - 0 8
21014 - 0 8
21015 - 0 8
21016 - 0 8
21017 - 0 8
21018 - 0 8
21019 - 0 8
21020 - 4 6
21021 - 4 6
21022 - 4 6
21023 - 4 6
21024 - 4 6
21025 - 4 6
21026 - 4 6
21027 - 4 6
21028 - 4 6
21029 - 4 6
21030 - 7 -1
21031 - 7 -1
21032 - 7 -1
21033 - 7 -1
21034 - 7 -1
21035 - 7 -1
21036 - 7 -1
21037 - 7 -1
21038 - 7 -1
21039 - 7 -1
21040 - 10 -1
21041 - 10 -1
21042 - 10 -1
21043 - 10 -1
21044 - 10 -1
21045 - 10 -1
21046 - 10 -1
21047 - 10 -1
21048 - 10 -1
21049 - 10 -1
21050 - 0 8
21051 - 0 8
21052 - 4 6
21053 - 4 6
21054 - 4 6
21055 - 4 6
21056 - 4 6
21057 - 4 6
21058 - 4 6
21059 - 4 6
21060 - 4 6
21061 - 4 6
21062 - 7 -1
21063 - 7 -1
21064 - 7 -1
21065 - 7 -1
21066 - 7 -1
21067 - 7 -1
21068 - 7 -1
21069 - 7 -1
21070 - 7 -1
21071 - 7 -1
21072 - 10 -1
21073 - 10 -1
21074 - 0 8
21075 - 0 8
21076 - 4 6
21077 - 4 6
21078 - 4 6
21079 - 4 6
21080 - 4 6
21081 - 4 6
21082 - 4 6
21083 - 4 6
21084 - 4 6
21085 - 4 6
21086 - 7 -1
21087 - 7 -1
21088 - 7 -1
21089 - 7 -1
21090 - 7 -1
21091 - 7 -1
21092 - 7 -1
21093 - 7 -1
21094 - 7 -1
21095 - 7 -1
21096 - 10 -1
21097 - 10 -1
21098 - 10 -1
21099 - 10 -1
21100 - 10 -1
21101 - 10 -1
21102 - 10 -1
21103 - 10 -1
21104 - 10 -1
21105 - 10 -1
21106 - 0 8
21107 - 0 8
21108 - 0 8
21109 - 0 8
21110 - 0 8
21111 - 0 8
21112 - 0 8
21113 - 0 8
21114 - 0 8
21115 - 0 8
21116 - 4 6
21117 - 4 6
21118 - 4 6
21119 - 4 6
21120 - 4 6
21121 - 4 6
21122 - 4 6
21123 - 4 6
21124 - 4 6
21125 - 4 6
21126 - 7 -1
21127 - 7 -1
21128 - 7 -1
21129 - 7 -1
21130 - 7 -1
21131 - 7 -1
21132 - 7 -1
21133 - 7 -1
21134 - 7 -1
21135 - 7 -1
21136 - 10 -1
21137 - 10 -1
21138 - 10 -1
21139 - 10 -1
21140 - 10 -1
21141 - 10 -1
21142 - 10 -1
21143 - 10 -1
21144 - 10 -1
21145 - 10 -1
21146 - 0 8
21147 - 0 8
21148 - 0 8
21149 - 0 8
21150 - 0 8
21151 - 0 8
21152 - 0 8
21153 - 0 8
21154 - 0 8
21155 - 0 8
21156 - 4 6
21157 - 4 6
21158 - 4 6
21159 - 4 6
21160 - 4 6
21161 - 4 6
21162 - 4 6
21163 - 4 6
21164 - 4 6
21165 - 4 6
21166 - 7 -1
21167 - 7 -1
21168 - 7 -1
21169 - 7 -1
21170 - 7 -1
21171 - 7 -1
21172 - 7 -1
21173 - 7 -1
21174 - 7 -1
21175 - 7 -1
21176 - 10 -1
21177 - 10 -1
21178 - 0 8
21179 - 0 8
21180 - 0 8
21181 - 0 8
21182 - 0 8
21183 - 0 8
21184 - 0 8
21185 - 0 8
21186 - 0 8
21187 - 0 8
21188 - 4 6
21189 - 4 6
21190 - 4 6
21191 - 4 6
21192 - 4 6
21193 - 4 6
21194 - 4 6
21195 - 4 6
21196 - 4 6
21197 - 4 6
21198 - 7 -1
21199 - 7 -1
21200 - 7 -1
21201 - 7 -1
21202 - 7 -1
21203 - 7 -1
21204 - 7 -1
21205 - 7 -1
21206 - 7 -1
21207 - 7 -1
21208 - 10 -1
21209 - 10 -1
21210 - 10 -1
21211 - 10 -1
21212 - 10 -1
21213 - 10 -1
21214 - 10 -1
21215 - 10 -1
21216 - 10 -1
21217 - 10 -1
21218 - 0 8
21219 - 0 8
21220 - 0 8
21221 - 0 8
21222 - 0 8
21223 - 0 8
21224 - 0 8
21225 - 0 8
21226 - 0 8
21227 - 0 8
21228 - 4 6
21229 - 4 6
21230 - 4 6
21231 - 4 6
21232 - 4 6
21233 - 4 6
21234 - 4 6
21235 - 4 6
21236 - 4 6
21237 - 4 6
21238 - 7 -1
21239 - 7 -1
21240 - 7 -1
21241 - 7 -1
21242 - 7 -1
21243 - 7 -1
21244 - 7 -1
21245 - 7 -1
21246 - 7 -1
21247 - 7 -1
21248 - 10 -1
21249 - 10 -1
21250 - 3 5
21251 - 3 5
21252 - 3 5
21253 - 3 5
21254 - 3 5
21255 - 3 5
21256 - 3 5
21257 - 3 5
21258 - 0 -1
21259 - 0 -1
21260 - 0 -1
21261 - 0 -1
21262 - 0 -1
21263 - 0 -1
21264 - 0 -1
21265 - 0 -1
21322 - 14 -1
21323 - 14 -1
21324 - 14 -1
21325 - 14 -1
21326 - 14 -1
21327 - 14 -1
21328 - 14 -1
21329 - 14 -1
21330 - 14 -1
21331 - 14 -1
21334 - 5 -1
21335 - 3 -1
21340 - 3 -1
21341 - 3 -1
21342 - 3 -1
21347 - 2 -1
21364 - 3 -1
21365 - 3 -1
21371 - 3 -1
21372 - 3 -1
21373 - 3 -1
21374 - 3 -1
21375 - 3 -1
21389 - 0 -1
21390 - 4 6
21391 - 7 -1
21393 - 3 5
21394 - 3 5
21395 - 3 5
21396 - 3 5
21397 - 3 5
21398 - 3 5
21399 - 3 5
21400 - 3 5
21401 - 3 5
21404 - 3 -1
21405 - 3 -1
21406 - 1 -1
21407 - 1 -1
21408 - 1 -1
21409 - 12 -1
21410 - 12 -1
21411 - 12 -1
21412 - 12 -1
21413 - 12 -1
21414 - 12 -1
21415 - 12 -1
21416 - 12 -1
21417 - 3 -1
21418 - 3 -1
21419 - 3 -1
21420 - 5 -1
21421 - 3 -1
21422 - 3 -1
21423 - 3 -1
21424 - 3 -1
21425 - 3 -1
21426 - 3 -1
21427 - 3 -1
21435 - 1 -1
21439 - 0 8
21440 - 4 6
21441 - 7 -1
21442 - 9 -1
21443 - 10 -1
21445 - 1 -1
21446 - 0 8
21447 - 4 6
21448 - 7 -1
21449 - 9 -1
21450 - 10 -1
21452 - 3 -1
21462 - 0 8
21463 - 4 6
21464 - 7 -1
21465 - 9 -1
21466 - 10 -1
21467 - 0 8
21468 - 4 6
21469 - 7 -1
21470 - 9 -1
21471 - 10 -1
21472 - 0 8
21473 - 4 6
21474 - 7 -1
21475 - 9 -1
21476 - 10 -1
21477 - 4 6
21478 - 0 8
21479 - 7 -1
21480 - 4 6
21481 - 7 -1
21482 - 0 8
21483 - 10 -1
21484 - 4 6
21485 - 0 -1
21486 - 7 -1
21487 - 10 -1
21490 - 3 -1
21491 - 3 -1
21492 - 3 -1
21493 - 3 -1
21494 - 3 -1
21495 - 3 -1
21496 - 3 -1
21497 - 3 -1
21498 - 3 -1
21499 - 3 -1
21500 - 3 -1
21501 - 3 -1
21502 - 3 -1
21503 - 3 -1
21504 - 3 -1
21505 - 3 -1
21506 - 3 -1
21507 - 3 -1
21508 - 4 6
21509 - 0 8
21510 - 7 -1
21513 - 2 -1
21514 - 2 -1
21516 - 4 6
21517 - 0 -1
21518 - 7 -1
21519 - 10 -1
21523 - 3 -1
21524 - 3 -1
21526 - 2 -1
21527 - 5 -1
21528 - 5 -1
21529 - 5 -1
21530 - 5 -1
21532 - 4 6
21533 - 7 -1
21534 - 0 8
21535 - 10 -1
21536 - 3 -1
21537 - 0 8
21538 - 0 8
21539 - 4 6
21540 - 4 6
21541 - 7 -1
21542 - 7 -1
21543 - 9 -1
21544 - 9 -1
21545 - 10 -1
21546 - 10 -1
21547 - 0 8
21548 - 0 8
21549 - 4 6
21550 - 4 6
21551 - 7 -1
21552 - 7 -1
21553 - 9 -1
21554 - 9 -1
21555 - 10 -1
21556 - 10 -1
21557 - 0 8
21558 - 0 8
21559 - 4 6
21560 - 4 6
21561 - 7 -1
21562 - 7 -1
21563 - 9 -1
21564 - 9 -1
21565 - 10 -1
21566 - 10 -1
21571 - 0 8
21572 - 4 6
21573 - 7 -1
21574 - 10 -1
21575 - 2 -1
21576 - 2 -1
21580 - 3 -1
21581 - 3 -1
21582 - 3 5
21596 - 0 8
21597 - 4 6
21598 - 7 -1
21599 - 10 -1
21640 - 13 -1
21645 - 13 -1
21650 - 13 -1
21655 - 13 -1
21660 - 13 -1
21665 - 13 -1
21670 - 13 -1
21675 - 13 -1
21680 - 13 -1
21681 - 13 -1
21682 - 13 -1
21687 - 13 -1
21688 - 13 -1
21689 - 13 -1
21694 - 13 -1
21695 - 13 -1
21696 - 13 -1
21701 - 13 -1
21702 - 13 -1
21703 - 13 -1
21712 - 13 -1
21713 - 13 -1
21714 - 13 -1
21719 - 13 -1
21720 - 13 -1
21721 - 13 -1
21726 - 13 -1
21727 - 13 -1
21728 - 13 -1
21733 - 13 -1
21734 - 13 -1
21735 - 13 -1
21736 - 0 8
21738 - 0 8
21739 - 0 8
21740 - 0 8
21741 - 0 8
21742 - 0 8
21744 - 3 5
21746 - 3 5
21747 - 3 5
21748 - 3 5
21749 - 3 5
21750 - 3 5
21752 - 4 6
21754 - 4 6
21755 - 4 6
21756 - 4 6
21757 - 4 6
21758 - 4 6
21760 - 7 -1
21762 - 7 -1
21763 - 7 -1
21764 - 7 -1
21765 - 7 -1
21766 - 7 -1
21777 - 3 -1
21787 - 10 -1
21789 - 10 -1
21790 - 10 -1
21792 - 10 -1
21793 - 10 -1
21795 - 10 -1
21818 - 3 -1
21820 - 2 -1
21822 - 5 -1
21864 - 3 -1
21865 - 3 -1
21866 - 3 -1
21867 - 3 -1
21868 - 3 -1
21869 - 3 -1
21887 - 0 8
21888 - 0 8
21889 - 0 8
21890 - 0 8
21891 - 0 8
21892 - 0 8
21893 - 0 8
21894 - 0 8
21895 - 0 8
21896 - 0 8
21897 - 4 6
21898 - 4 6
21899 - 4 6
21900 - 4 6
21901 - 4 6
21902 - 4 6
21903 - 4 6
21904 - 4 6
21905 - 4 6
21906 - 4 6
21907 - 7 -1
21908 - 7 -1
21909 - 7 -1
21910 - 7 -1
21911 - 7 -1
21912 - 7 -1
21913 - 7 -1
21914 - 7 -1
21915 - 7 -1
21916 - 7 -1
21917 - 10 -1
21918 - 10 -1
21919 - 10 -1
21920 - 10 -1
21921 - 10 -1
21922 - 10 -1
21923 - 10 -1
21924 - 10 -1
21925 - 10 -1
21926 - 10 -1
21927 - 0 8
21928 - 0 8
21929 - 0 8
21930 - 0 8
21931 - 0 8
21932 - 0 8
21933 - 0 8
21934 - 0 8
21935 - 0 8
21936 - 0 8
21937 - 4 6
21938 - 4 6
21939 - 4 6
21940 - 4 6
21941 - 4 6
21942 - 4 6
21943 - 4 6
21944 - 4 6
21945 - 4 6
21946 - 4 6
21947 - 7 -1
21948 - 7 -1
21949 - 7 -1
21950 - 7 -1
21951 - 7 -1
21952 - 7 -1
21953 - 7 -1
21954 - 7 -1
21955 - 7 -1
21956 - 7 -1
21957 - 10 -1
21958 - 10 -1
21959 - 10 -1
21960 - 10 -1
21961 - 10 -1
21962 - 10 -1
21963 - 10 -1
21964 - 10 -1
21965 - 10 -1
21966 - 10 -1
21967 - 0 8
21968 - 0 8
21969 - 0 8
21970 - 0 8
21971 - 0 8
21972 - 0 8
21973 - 0 8
21974 - 0 8
21975 - 0 8
21976 - 0 8
21977 - 4 6
21978 - 4 6
21979 - 4 6
21980 - 4 6
21981 - 4 6
21982 - 4 6
21983 - 4 6
21984 - 4 6
21985 - 4 6
21986 - 4 6
21987 - 7 -1
21988 - 7 -1
21989 - 7 -1
21990 - 7 -1
21991 - 7 -1
21992 - 7 -1
21993 - 7 -1
21994 - 7 -1
21995 - 7 -1
21996 - 7 -1
21997 - 10 -1
21998 - 10 -1
21999 - 10 -1
22000 - 10 -1
22001 - 10 -1
22002 - 10 -1
22003 - 10 -1
22004 - 10 -1
22005 - 10 -1
22006 - 10 -1
22007 - 0 8
22008 - 0 8
22009 - 0 8
22010 - 0 8
22011 - 0 8
22012 - 0 8
22013 - 0 8
22014 - 0 8
22015 - 0 8
22016 - 0 8
22017 - 4 6
22018 - 4 6
22019 - 4 6
22020 - 4 6
22021 - 4 6
22022 - 4 6
22023 - 4 6
22024 - 4 6
22025 - 4 6
22026 - 4 6
22027 - 7 -1
22028 - 7 -1
22029 - 7 -1
22030 - 7 -1
22031 - 7 -1
22032 - 7 -1
22033 - 7 -1
22034 - 7 -1
22035 - 7 -1
22036 - 7 -1
22037 - 10 -1
22038 - 10 -1
22039 - 10 -1
22040 - 10 -1
22041 - 10 -1
22042 - 10 -1
22043 - 10 -1
22044 - 10 -1
22045 - 10 -1
22046 - 10 -1
22047 - 0 8
22048 - 0 8
22049 - 0 8
22050 - 0 8
22051 - 0 8
22052 - 0 8
22053 - 0 8
22054 - 0 8
22055 - 0 8
22056 - 0 8
22057 - 4 6
22058 - 4 6
22059 - 4 6
22060 - 4 6
22061 - 4 6
22062 - 4 6
22063 - 4 6
22064 - 4 6
22065 - 4 6
22066 - 4 6
22067 - 7 -1
22068 - 7 -1
22069 - 7 -1
22070 - 7 -1
22071 - 7 -1
22072 - 7 -1
22073 - 7 -1
22074 - 7 -1
22075 - 7 -1
22076 - 7 -1
22077 - 10 -1
22078 - 10 -1
22079 - 10 -1
22080 - 10 -1
22081 - 10 -1
22082 - 10 -1
22083 - 10 -1
22084 - 10 -1
22085 - 10 -1
22086 - 10 -1
22087 - 0 8
22088 - 0 8
22089 - 0 8
22090 - 0 8
22091 - 0 8
22092 - 0 8
22093 - 0 8
22094 - 0 8
22095 - 0 8
22096 - 0 8
22097 - 4 6
22098 - 4 6
22099 - 4 6
22100 - 4 6
22101 - 4 6
22102 - 4 6
22103 - 4 6
22104 - 4 6
22105 - 4 6
22106 - 4 6
22107 - 7 -1
22108 - 7 -1
22109 - 7 -1
22110 - 7 -1
22111 - 7 -1
22112 - 7 -1
22113 - 7 -1
22114 - 7 -1
22115 - 7 -1
22116 - 7 -1
22117 - 10 -1
22118 - 10 -1
22119 - 10 -1
22120 - 10 -1
22121 - 10 -1
22122 - 10 -1
22123 - 10 -1
22124 - 10 -1
22125 - 10 -1
22126 - 10 -1
22127 - 0 8
22128 - 0 8
22129 - 0 8
22130 - 0 8
22131 - 0 8
22132 - 0 8
22133 - 0 8
22134 - 0 8
22135 - 0 8
22136 - 0 8
22137 - 4 6
22138 - 4 6
22139 - 4 6
22140 - 4 6
22141 - 4 6
22142 - 4 6
22143 - 4 6
22144 - 4 6
22145 - 4 6
22146 - 4 6
22147 - 7 -1
22148 - 7 -1
22149 - 7 -1
22150 - 7 -1
22151 - 7 -1
22152 - 7 -1
22153 - 7 -1
22154 - 7 -1
22155 - 7 -1
22156 - 7 -1
22157 - 10 -1
22158 - 10 -1
22159 - 10 -1
22160 - 10 -1
22161 - 10 -1
22162 - 10 -1
22163 - 10 -1
22164 - 10 -1
22165 - 10 -1
22166 - 10 -1
22167 - 0 8
22168 - 0 8
22169 - 0 8
22170 - 0 8
22171 - 0 8
22172 - 0 8
22173 - 0 8
22174 - 0 8
22175 - 0 8
22176 - 0 8
22177 - 4 6
22178 - 4 6
22179 - 4 6
22180 - 4 6
22181 - 4 6
22182 - 4 6
22183 - 4 6
22184 - 4 6
22185 - 4 6
22186 - 4 6
22187 - 7 -1
22188 - 7 -1
22189 - 7 -1
22190 - 7 -1
22191 - 7 -1
22192 - 7 -1
22193 - 7 -1
22194 - 7 -1
22195 - 7 -1
22196 - 7 -1
22197 - 10 -1
22198 - 10 -1
22199 - 10 -1
22200 - 10 -1
22201 - 10 -1
22202 - 10 -1
22203 - 10 -1
22204 - 10 -1
22205 - 10 -1
22206 - 10 -1
22207 - 3 -1
22208 - 3 -1
22209 - 3 -1
22210 - 3 -1
22211 - 3 -1
22212 - 3 -1
22213 - 3 -1
22214 - 3 -1
22215 - 2 -1
22216 - 2 -1
22217 - 2 -1
22218 - 2 -1
22219 - 0 8
22220 - 0 8
22221 - 4 6
22222 - 4 6
22223 - 7 -1
22224 - 7 -1
22225 - 9 -1
22226 - 9 -1
22227 - 10 -1
22228 - 10 -1
22229 - 1 -1
22230 - 1 -1
22231 - 0 8
22232 - 0 8
22233 - 4 6
22234 - 4 6
22235 - 7 -1
22236 - 7 -1
22237 - 9 -1
22238 - 9 -1
22239 - 10 -1
22240 - 10 -1
22241 - 1 -1
22242 - 1 -1
22243 - 0 8
22244 - 0 8
22245 - 4 6
22246 - 4 6
22247 - 7 -1
22248 - 7 -1
22249 - 9 -1
22250 - 9 -1
22251 - 10 -1
22252 - 10 -1
22253 - 1 -1
22254 - 1 -1
22255 - 0 8
22256 - 0 8
22257 - 4 6
22258 - 4 6
22259 - 7 -1
22260 - 7 -1
22261 - 9 -1
22262 - 9 -1
22263 - 10 -1
22264 - 10 -1
22265 - 1 -1
22266 - 1 -1
22268 - 14 -1
22269 - 14 -1
22270 - 14 -1
22271 - 14 -1
22272 - 14 -1
22273 - 14 -1
22274 - 14 -1
22275 - 14 -1
22276 - 14 -1
22277 - 14 -1
22278 - 14 -1
22279 - 14 -1
22280 - 14 -1
22281 - 14 -1
22282 - 14 -1
22283 - 14 -1
22284 - 14 -1
22285 - 14 -1
22286 - 14 -1
22287 - 14 -1
22288 - 14 -1
22289 - 14 -1
22290 - 14 -1
22291 - 14 -1
22292 - 14 -1
22293 - 14 -1
22294 - 14 -1
22295 - 14 -1
22296 - 14 -1
22297 - 14 -1
22298 - 14 -1
22299 - 14 -1
22300 - 14 -1
22301 - 14 -1
22302 - 14 -1
22303 - 14 -1
22304 - 2 -1
22305 - 2 -1
22306 - 2 -1
22307 - 2 -1
